1 0.1203 0.2514 0.17255 0.04388 0.3728 0.957 1.797 0.071093 0.017 9.547560e-01
2 0.1203 0.2514 0.17255 0.04388 0.3728 0.9055 1.984 0.071093 0.442 0.000000e+00
3 0.1203 0.2514 0.17255 0.04388 0.3728 0.77 1.9415 0.071093 0.2815 9.792635e-01
4 0.1203 0.2514 0.17255 0.04388 0.3728 0.6785 1.5855 0.071093 0.1955 9.688067e-01
5 0.1203 0.2514 0.17255 0.04388 0.3728 0.545 1.7895 0.071093 0.098 9.108547e-01
6 0.1203 0.2514 0.17255 0.04388 0.3728 0.537 1.662 0.071093 0.497 9.419537e-01
7 0.1203 0.2514 0.17255 0.04388 0.3728 0.7365 1.646 0.071093 0.0135 9.248731e-01
8 0.1203 0.2514 0.17255 0.04388 0.3728 0.548 1.816 0.071093 0.1075 9.033472e-01
9 0.1203 0.2514 0.17255 0.04388 0.3728 0.823 1.7165 0.071093 0.3855 9.810690e-01
10 0.1203 0.2514 0.17255 0.04388 0.3728 0.8335 1.982 0.071093 0.328 9.285077e-01
11 0.1203 0.2514 0.17255 0.04388 0.3728 0.8545 1.6425 0.071093 0.0055 9.561816e-01
12 0.1203 0.2514 0.17255 0.04388 0.3728 0.7945 1.9785 0.071093 0.099 9.672520e-01
13 0.1203 0.2514 0.17255 0.04388 0.3728 0.8 1.6055 0.071093 0.0255 9.644839e-01
14 0.1203 0.2514 0.17255 0.04388 0.3728 0.708 1.5215 0.071093 0.168 9.577817e-01
15 0.1203 0.2514 0.17255 0.04388 0.3728 0.623 1.7935 0.071093 0.309 9.666142e-01
16 0.1203 0.2514 0.17255 0.04388 0.3728 0.554 1.776 0.071093 0.0685 9.216226e-01
17 0.1203 0.2514 0.17255 0.04388 0.3728 0.669 1.902 0.071093 0.0165 9.530204e-01
18 0.1203 0.2514 0.17255 0.04388 0.3728 0.525 1.9385 0.071093 0.1215 8.600270e-01
19 0.1203 0.2514 0.17255 0.04388 0.3728 0.625 1.629 0.071093 0.1895 9.722403e-01
20 0.1203 0.2514 0.17255 0.04388 0.3728 0.7115 1.7425 0.071093 0.0005 9.725177e-01
21 0.1203 0.2514 0.17255 0.04388 0.3728 0.5875 1.788 0.071093 0.025 9.369343e-01
22 0.1203 0.2514 0.17255 0.04388 0.3728 0.8525 1.6085 0.071093 0.018 9.781635e-01
23 0.1203 0.2514 0.17255 0.04388 0.3728 0.5205 1.7015 0.071093 0.2715 8.993392e-01
24 0.1203 0.2514 0.17255 0.04388 0.3728 0.6325 1.864 0.071093 0.347 9.503946e-01
25 0.1203 0.2514 0.17255 0.04388 0.3728 0.9115 1.8055 0.071093 0.0325 9.674594e-01
26 0.1203 0.2514 0.17255 0.04388 0.3728 0.913 1.7165 0.071093 0.007 9.768434e-01
27 0.1203 0.2514 0.17255 0.04388 0.3728 0.9235 1.9415 0.071093 0.4055 8.901106e-01
28 0.1203 0.2514 0.17255 0.04388 0.3728 0.607 1.9925 0.071093 0.227 9.253566e-01
29 0.1203 0.2514 0.17255 0.04388 0.3728 0.6985 1.846 0.071093 0.308 9.719605e-01
30 0.1203 0.2514 0.17255 0.04388 0.3728 0.7755 1.675 0.071093 0.0115 9.611989e-01
31 0.1203 0.2514 0.17255 0.04388 0.3728 0.814 1.534 0.071093 0.002 9.606634e-01
32 0.1203 0.2514 0.17255 0.04388 0.3728 0.9325 1.5775 0.071093 0.3375 9.247596e-01
33 0.1203 0.2514 0.17255 0.04388 0.3728 0.6005 1.639 0.071093 0.311 9.706270e-01
34 0.1203 0.2514 0.17255 0.04388 0.3728 0.542 1.645 0.071093 0.178 9.381198e-01
35 0.1203 0.2514 0.17255 0.04388 0.3728 0.6375 1.96 0.071093 0.256 9.409914e-01
36 0.1203 0.2514 0.17255 0.04388 0.3728 0.963 1.879 0.071093 0.3605 9.631645e-01
37 0.1203 0.2514 0.17255 0.04388 0.3728 0.815 1.685 0.071093 0.1685 9.695584e-01
38 0.1203 0.2514 0.17255 0.04388 0.3728 0.6985 1.7405 0.071093 0.47 9.695770e-01
39 0.1203 0.2514 0.17255 0.04388 0.3728 0.7625 1.5165 0.071093 0.127 8.790613e-01
40 0.1203 0.2514 0.17255 0.04388 0.3728 0.8025 1.792 0.071093 0.292 9.854103e-01
41 0.1203 0.2514 0.17255 0.04388 0.3728 0.596 1.8355 0.071093 0.4025 9.452615e-01
42 0.1203 0.2514 0.17255 0.04388 0.3728 0.764 1.539 0.071093 0.065 9.433906e-01
43 0.1203 0.2514 0.17255 0.04388 0.3728 0.9905 1.621 0.071093 0.486 9.253297e-01
44 0.1203 0.2514 0.17255 0.04388 0.3728 0.962 1.7025 0.071093 0.2345 9.671184e-01
45 0.1203 0.2514 0.17255 0.04388 0.3728 0.6825 1.7755 0.071093 0.412 9.794377e-01
46 0.1203 0.2514 0.17255 0.04388 0.3728 0.761 1.5325 0.071093 0.008 9.498610e-01
47 0.1203 0.2514 0.17255 0.04388 0.3728 0.519 1.76 0.071093 0.2485 9.073904e-01
48 0.1203 0.2514 0.17255 0.04388 0.3728 0.9795 1.747 0.071093 0.1315 9.500784e-01
49 0.1203 0.2514 0.17255 0.04388 0.3728 0.957 1.843 0.071093 0.2685 9.267451e-01
50 0.1203 0.2514 0.17255 0.04388 0.3728 0.5785 1.953 0.071093 0.262 9.085026e-01
51 0.1203 0.2514 0.17255 0.04388 0.3728 0.672 1.781 0.071093 0.325 9.778304e-01
52 0.1203 0.2514 0.17255 0.04388 0.3728 0.6575 1.6785 0.071093 0.3005 9.772667e-01
53 0.1203 0.2514 0.17255 0.04388 0.3728 0.7405 1.5175 0.071093 0.1745 8.594023e-01
54 0.1203 0.2514 0.17255 0.04388 0.3728 0.5965 1.9995 0.071093 0.0555 9.219935e-01
55 0.1203 0.2514 0.17255 0.04388 0.3728 0.8635 1.628 0.071093 0.039 9.885122e-01
56 0.1203 0.2514 0.17255 0.04388 0.3728 0.641 1.852 0.071093 0.044 9.454084e-01
57 0.1203 0.2514 0.17255 0.04388 0.3728 0.7735 1.831 0.071093 0.436 9.866744e-01
58 0.1203 0.2514 0.17255 0.04388 0.3728 0.6535 1.734 0.071093 0.3105 9.784648e-01
59 0.1203 0.2514 0.17255 0.04388 0.3728 0.784 1.51 0.071093 0.2435 7.985917e-01
60 0.1203 0.2514 0.17255 0.04388 0.3728 0.9815 1.867 0.071093 0.03 9.469733e-01
61 0.1203 0.2514 0.17255 0.04388 0.3728 0.591 1.52 0.071093 0.27 9.327119e-01
62 0.1203 0.2514 0.17255 0.04388 0.3728 0.8145 1.6635 0.071093 0.017 9.635366e-01
63 0.1203 0.2514 0.17255 0.04388 0.3728 0.8945 1.8045 0.071093 0.434 9.751904e-01
64 0.1203 0.2514 0.17255 0.04388 0.3728 0.7695 1.8805 0.071093 0.446 9.824538e-01
65 0.1203 0.2514 0.17255 0.04388 0.3728 0.752 1.7685 0.071093 0.225 9.621247e-01
66 0.1203 0.2514 0.17255 0.04388 0.3728 0.5845 1.678 0.071093 0.296 9.658502e-01
67 0.1203 0.2514 0.17255 0.04388 0.3728 0.588 1.931 0.071093 0.4455 9.237478e-01
68 0.1203 0.2514 0.17255 0.04388 0.3728 0.865 1.7625 0.071093 0.2135 9.878349e-01
69 0.1203 0.2514 0.17255 0.04388 0.3728 0.556 1.677 0.071093 0.4765 9.534012e-01
70 0.1203 0.2514 0.17255 0.04388 0.3728 0.6125 1.7575 0.071093 0.352 9.703250e-01
71 0.1203 0.2514 0.17255 0.04388 0.3728 0.602 1.688 0.071093 0.1335 9.658290e-01
72 0.1203 0.2514 0.17255 0.04388 0.3728 0.8315 1.6705 0.071093 0.3615 9.454311e-01
73 0.1203 0.2514 0.17255 0.04388 0.3728 0.5425 1.8615 0.071093 0.4725 8.934573e-01
74 0.1203 0.2514 0.17255 0.04388 0.3728 0.547 1.555 0.071093 0.2935 8.861286e-01
75 0.1203 0.2514 0.17255 0.04388 0.3728 0.601 1.8925 0.071093 0.039 9.286023e-01
76 0.1203 0.2514 0.17255 0.04388 0.3728 0.6025 1.5065 0.071093 0.1125 9.463124e-01
77 0.1203 0.2514 0.17255 0.04388 0.3728 0.9635 1.62 0.071093 0.197 9.284546e-01
78 0.1203 0.2514 0.17255 0.04388 0.3728 0.8805 1.831 0.071093 0.0515 9.662363e-01
79 0.1203 0.2514 0.17255 0.04388 0.3728 0.919 1.6235 0.071093 0.213 9.838290e-01
80 0.1203 0.2514 0.17255 0.04388 0.3728 0.6825 1.9075 0.071093 0.141 9.607783e-01
81 0.1203 0.2514 0.17255 0.04388 0.3728 0.7635 1.879 0.071093 0.407 9.808843e-01
82 0.1203 0.2514 0.17255 0.04388 0.3728 0.9985 1.7295 0.071093 0.48 9.669038e-01
83 0.1203 0.2514 0.17255 0.04388 0.3728 0.694 1.991 0.071093 0.034 9.566021e-01
84 0.1203 0.2514 0.17255 0.04388 0.3728 0.793 1.7335 0.071093 0.0255 9.874977e-01
85 0.1203 0.2514 0.17255 0.04388 0.3728 0.8205 1.7365 0.071093 0.2445 9.631159e-01
86 0.1203 0.2514 0.17255 0.04388 0.3728 0.581 1.7995 0.071093 0.0515 9.315670e-01
87 0.1203 0.2514 0.17255 0.04388 0.3728 0.929 1.832 0.071093 0.205 9.484271e-01
88 0.1203 0.2514 0.17255 0.04388 0.3728 0.6365 1.5875 0.071093 0.2145 9.719172e-01
89 0.1203 0.2514 0.17255 0.04388 0.3728 0.7035 1.5525 0.071093 0.3535 9.353913e-01
90 0.1203 0.2514 0.17255 0.04388 0.3728 0.886 1.836 0.071093 0.023 9.610820e-01
91 0.1203 0.2514 0.17255 0.04388 0.3728 0.815 1.5795 0.071093 0.315 8.527398e-01
92 0.1203 0.2514 0.17255 0.04388 0.3728 0.7365 1.884 0.071093 0.3205 9.742101e-01
93 0.1203 0.2514 0.17255 0.04388 0.3728 0.9625 1.868 0.071093 0.297 9.433659e-01
94 0.1203 0.2514 0.17255 0.04388 0.3728 0.576 1.6605 0.071093 0.431 9.655881e-01
95 0.1203 0.2514 0.17255 0.04388 0.3728 0.674 1.6215 0.071093 0.3245 9.705589e-01
96 0.1203 0.2514 0.17255 0.04388 0.3728 0.5335 1.8185 0.071093 0.062 8.836623e-01
97 0.1203 0.2514 0.17255 0.04388 0.3728 0.884 1.944 0.071093 0.1835 9.296304e-01
98 0.1203 0.2514 0.17255 0.04388 0.3728 0.9065 1.715 0.071093 0.2935 9.900522e-01
99 0.1203 0.2514 0.17255 0.04388 0.3728 0.8365 1.5865 0.071093 0.2955 8.923776e-01
100 0.1203 0.2514 0.17255 0.04388 0.3728 0.9845 1.575 0.071093 0.1215 8.195868e-01
