1 0.9069 0.43855 0.65135 0.0478 0.4436 0.579 1.9675 0.035074 0.199 5.338714e-01
2 0.58865 0.55825 0.68745 0.04724 0.4316 0.695 1.677 0.202632 0.422 0.000000e+00
3 0.55445 0.7929 0.82805 0.0308 0.1924 0.9065 1.6625 0.063332 0.0105 0.000000e+00
4 0.791 0.16305 0.13835 0.04204 0.3204 0.6525 1.5585 0.175966 0.386 6.300674e-01
5 0.50125 0.26565 0.4281 0.05088 0.3304 0.901 1.979 0.162235 0.083 4.030841e-01
6 0.44235 0.0671 0.6238 0.03572 0.1244 0.5665 1.862 0.016766 0.012 0.000000e+00
7 0.9544 0.5934 0.75585 0.05548 0.4016 0.6875 1.5095 0.196065 0.059 0.000000e+00
8 0.22955 0.12695 0.6124 0.03924 0.1084 0.836 1.8115 0.17119 0.117 0.000000e+00
9 0.696 0.98765 0.40055 0.041 0.3692 0.6945 1.7805 0.098555 0.304 0.000000e+00
10 0.28085 0.4794 0.4851 0.02724 0.2836 0.9935 1.7765 0.183727 0.4805 0.000000e+00
11 0.8575 0.164 0.99145 0.02032 0.4244 0.707 1.7465 0.185319 0.2845 3.695958e-01
12 0.91925 0.943 0.5877 0.03836 0.4536 0.502 1.8555 0.15925 0.0605 0.000000e+00
13 0.60195 0.0652 0.92685 0.03136 0.3236 0.6515 1.884 0.028905 0.173 4.650238e-01
14 0.9202 0.7986 0.8765 0.03048 0.38 0.9795 1.567 0.045422 0.288 0.000000e+00
15 0.7549 0.9658 0.6086 0.02952 0.1584 0.6995 1.714 0.114873 0.1815 0.000000e+00
16 0.4205 0.60195 0.66085 0.0236 0.1072 0.974 1.8085 0.018955 0.019 0.000000e+00
17 0.6276 0.56965 0.3673 0.04932 0.136 0.8195 1.9755 0.123629 0.1965 0.000000e+00
18 0.7055 0.25995 0.30175 0.02584 0.128 0.879 1.9315 0.190294 0.1565 0.000000e+00
19 0.2723 0.3768 0.7131 0.05876 0.4304 0.937 1.562 0.105918 0.4105 0.000000e+00
20 0.57345 0.2039 0.5117 0.02244 0.232 0.8435 1.9955 0.018557 0.1045 0.000000e+00
21 0.4699 0.08135 0.74445 0.02748 0.4092 0.994 1.5345 0.190891 0.103 0.000000e+00
22 0.8423 0.60385 0.6979 0.05376 0.404 0.921 1.8265 0.066914 0.2405 0.000000e+00
23 0.3407 0.6656 0.64565 0.02336 0.118 0.7935 1.5235 0.089401 0.4485 0.000000e+00
24 0.47275 0.1108 0.91545 0.0544 0.1064 0.7265 1.993 0.077262 0.0695 0.000000e+00
25 0.1982 0.12315 0.3939 0.04976 0.1592 0.5665 1.5195 0.104127 0.178 0.000000e+00
26 0.10415 0.51835 0.7663 0.0288 0.3276 0.893 1.773 0.099948 0.375 0.000000e+00
27 0.19725 0.3996 0.31315 0.04696 0.31 0.515 1.9435 0.087411 0.1895 0.000000e+00
28 0.34735 0.60005 0.90975 0.03 0.252 0.854 1.9535 0.023333 0.3765 0.000000e+00
29 0.38725 0.9696 0.0937 0.04668 0.4364 0.7305 1.949 0.112087 0.407 0.000000e+00
30 0.5535 0.5079 0.1583 0.03872 0.2616 0.618 1.787 0.078456 0.4835 0.000000e+00
31 0.981 0.86605 0.6694 0.03196 0.1844 0.7015 1.668 0.198453 0.1605 0.000000e+00
32 0.44805 0.4775 0.2932 0.0522 0.4788 0.6345 1.63 0.098356 0.462 0.000000e+00
33 0.7796 0.7948 0.24285 0.0318 0.4844 0.552 1.671 0.144126 0.1295 0.000000e+00
34 0.7492 0.70455 0.42335 0.05996 0.1628 0.825 1.575 0.143927 0.477 0.000000e+00
35 0.37015 0.0614 0.0633 0.02068 0.3588 0.7655 1.524 0.055969 0.3155 5.330274e-01
36 0.1127 0.5991 0.62 0.05844 0.1084 0.7905 1.6625 0.206413 0.216 1.688799e-01
37 0.14785 0.62665 0.12125 0.03228 0.4088 0.9105 1.609 0.15129 0.0095 0.000000e+00
38 0.11365 0.3198 0.9829 0.04484 0.4852 0.7065 1.6955 0.016567 0.0975 6.174010e-01
39 0.3635 0.15165 0.1469 0.05744 0.1072 0.8605 1.668 0.062934 0.3925 0.000000e+00
40 0.75015 0.36825 0.08515 0.05812 0.3252 0.8115 1.7735 0.113082 0.1245 0.000000e+00
41 0.1868 0.0956 0.89455 0.0322 0.1468 0.5385 1.8835 0.155668 0.081 0.000000e+00
42 0.13075 0.23715 0.32835 0.02228 0.3496 0.6495 1.956 0.091789 0.024 0.000000e+00
43 0.94585 0.1564 0.71025 0.04188 0.1368 0.6455 1.8935 0.102535 0.34 0.000000e+00
44 0.0557 0.8366 0.37395 0.0506 0.2604 0.5495 1.5795 0.072287 0.2435 0.000000e+00
45 0.8081 0.64375 0.4756 0.02648 0.1528 0.572 1.9615 0.164026 0.2805 0.000000e+00
46 0.44805 0.85085 0.95345 0.04592 0.3824 0.9615 1.9115 0.102734 0.121 0.000000e+00
47 0.39865 0.88315 0.9145 0.0324 0.4792 0.8835 1.999 0.195667 0.071 0.000000e+00
48 0.9202 0.71405 0.9772 0.02116 0.1296 0.5045 1.643 0.039054 0.208 7.660195e-01
49 0.54875 0.09465 0.1678 0.04364 0.1076 0.5205 1.932 0.175568 0.077 0.000000e+00
50 0.8613 0.4585 0.3464 0.05368 0.2708 0.943 1.5465 0.136763 0.0145 0.000000e+00
51 0.84135 0.943 0.76345 0.03824 0.2504 0.673 1.526 0.187707 0.142 0.000000e+00
52 0.83565 0.2153 0.7967 0.03992 0.2032 0.924 1.821 0.123231 0.0105 0.000000e+00
53 0.66845 0.5858 0.3065 0.03852 0.3332 0.551 1.5855 0.139151 0.251 0.000000e+00
54 0.392 0.7796 0.98575 0.02732 0.1388 0.74 1.986 0.075073 0.3775 0.000000e+00
55 0.88695 0.8176 0.2818 0.03124 0.1348 0.8905 1.8615 0.157658 0.2615 0.000000e+00
56 0.2153 0.62 0.47465 0.04608 0.3608 0.722 1.505 0.096565 0.369 0.000000e+00
57 0.3844 0.1792 0.7549 0.04576 0.3204 0.537 1.9195 0.163429 0.473 0.000000e+00
58 0.70835 0.22955 0.6618 0.02156 0.466 0.8 1.857 0.148703 0.2265 0.000000e+00
59 0.7625 0.21435 0.61525 0.05788 0.1024 0.946 1.956 0.208005 0.4655 4.259344e-01
60 0.3046 0.08705 0.9164 0.04076 0.4996 0.9735 1.5195 0.178354 0.4935 0.000000e+00
61 0.17255 0.05 0.6219 0.05832 0.3544 0.975 1.7665 0.129002 0.059 0.000000e+00
62 0.7302 0.1203 0.4718 0.048 0.1268 0.9145 1.592 0.031492 0.085 0.000000e+00
63 0.54495 0.83185 0.7625 0.02248 0.3892 0.528 1.594 0.070894 0.103 0.000000e+00
64 0.53165 0.4642 0.6979 0.04768 0.3032 0.6275 1.654 0.039253 0.2675 0.000000e+00
65 0.5744 0.41195 0.68175 0.02772 0.2124 0.862 1.6855 0.168603 0.4695 0.000000e+00
66 0.5915 0.183 0.21625 0.04696 0.1456 0.753 1.966 0.020746 0.3035 5.898872e-01
67 0.36255 0.74445 0.9544 0.03132 0.4 0.7305 1.952 0.073282 0.114 0.000000e+00
68 0.26375 0.5592 0.22955 0.05128 0.1468 0.714 1.8715 0.083033 0.419 0.000000e+00
69 0.1241 0.08325 0.89265 0.02508 0.386 0.521 1.669 0.151091 0.2515 0.000000e+00
70 0.96865 0.49555 0.4604 0.05524 0.2728 0.851 1.641 0.165817 0.2285 0.000000e+00
71 0.4395 0.61335 0.15545 0.02124 0.3592 0.7635 1.8425 0.1493 0.285 0.000000e+00
72 0.3768 0.11745 0.6656 0.04764 0.1968 0.523 1.6465 0.182135 0.35 0.000000e+00
73 0.411 0.1621 0.61715 0.03824 0.1892 0.7145 1.764 0.15328 0.351 2.674823e-01
74 0.392 0.52785 0.72355 0.02252 0.2152 0.5315 1.875 0.158852 0.0215 0.000000e+00
75 0.9943 0.98195 0.1754 0.05952 0.2584 0.6315 1.5745 0.185518 0.183 0.000000e+00
76 0.2267 0.3749 0.1583 0.0512 0.464 0.7625 1.668 0.018557 0.026 0.000000e+00
77 0.54685 0.4756 0.8271 0.0598 0.29 0.782 1.9715 0.161638 0.3815 0.000000e+00
78 0.6865 0.41385 0.82235 0.04696 0.1324 0.7845 1.8855 0.172384 0.1405 0.000000e+00
79 0.1716 0.4718 0.0861 0.03456 0.1248 0.8295 1.982 0.10552 0.4545 0.000000e+00
80 0.4034 0.1621 0.60195 0.03132 0.4944 0.784 1.791 0.021741 0.2855 6.242097e-01
81 0.734 0.89455 0.2723 0.02528 0.3184 0.6 1.7225 0.148106 0.273 0.000000e+00
82 0.64565 0.4965 0.85465 0.03264 0.3316 0.5855 1.523 0.105122 0.196 0.000000e+00
83 0.4414 0.6105 0.89075 0.05592 0.468 0.6275 1.811 0.192284 0.165 0.000000e+00
84 0.53545 0.98195 0.5402 0.02032 0.4608 0.89 1.863 0.145519 0.356 0.000000e+00
85 0.9354 0.27135 0.2666 0.05204 0.2336 0.9725 1.969 0.194871 0.248 5.777378e-01
86 0.8062 0.5668 0.70265 0.046 0.4548 0.516 1.6 0.033084 0.3685 0.000000e+00
87 0.59815 0.9392 0.81285 0.02052 0.348 0.823 1.7055 0.103928 0.425 0.000000e+00
88 0.2039 0.41575 0.61145 0.03748 0.346 0.6695 1.5565 0.151489 0.243 4.353834e-01
89 0.22385 0.8081 0.53735 0.03028 0.1196 0.7185 1.9475 0.152086 0.2575 0.000000e+00
90 0.51455 0.1887 0.3616 0.05984 0.248 0.547 1.7665 0.018756 0.231 7.302424e-01
91 0.30745 0.3426 0.1279 0.03552 0.376 0.9095 1.759 0.110097 0.189 0.000000e+00
92 0.83755 0.81 0.7473 0.04852 0.2072 0.888 1.7095 0.041641 0.289 0.000000e+00
93 0.14405 0.2913 0.81855 0.04584 0.2012 0.677 1.779 0.091789 0.0225 0.000000e+00
94 0.5801 0.60955 0.77105 0.05752 0.4824 0.8985 1.642 0.073282 0.275 0.000000e+00
95 0.9886 0.0918 0.0557 0.0348 0.1288 0.856 1.6415 0.20104 0.328 0.000000e+00
96 0.3692 0.91925 0.4908 0.0378 0.3268 0.54 1.66 0.072287 0.0165 3.597932e-01
97 0.8841 0.6998 0.82045 0.05992 0.3196 0.5015 1.592 0.146912 0.391 0.000000e+00
98 0.1222 0.11175 0.5763 0.02192 0.232 0.8935 1.8515 0.144126 0.1035 0.000000e+00
99 0.1431 0.8917 0.94585 0.05684 0.4484 0.83 1.631 0.207209 0.3825 0.000000e+00
100 0.34545 0.64945 0.20485 0.02036 0.4788 0.583 1.665 0.163031 0.0725 0.000000e+00
101 0.07565 0.28085 0.7701 0.05132 0.3832 0.977 1.667 0.123231 0.2885 0.000000e+00
102 0.44805 0.1469 0.18775 0.04256 0.4896 0.877 1.9665 0.14532 0.128 5.231963e-01
103 0.8518 0.9069 0.46895 0.04332 0.3468 0.891 1.85 0.066715 0.0035 0.000000e+00
104 0.54115 0.7245 0.06425 0.03912 0.3124 0.836 1.75 0.115669 0.151 0.000000e+00
105 0.3578 0.3635 0.2552 0.029 0.302 0.5835 1.634 0.162832 0.1785 0.000000e+00
106 0.4376 0.8271 0.9525 0.04452 0.3404 0.827 1.8265 0.120047 0.152 0.000000e+00
107 0.9563 0.5535 0.1165 0.03592 0.2396 0.5195 1.8645 0.093182 0.1905 4.512592e-01
108 0.9335 0.08325 0.10035 0.03284 0.452 0.5805 1.794 0.160046 0.438 0.000000e+00
109 0.69315 0.82995 0.1336 0.02408 0.4652 0.5255 1.586 0.121241 0.112 1.023553e-01
110 0.49935 0.89075 0.449 0.02604 0.2148 0.5405 1.805 0.100744 0.014 0.000000e+00
111 0.6713 0.94015 0.3198 0.02396 0.3972 0.559 1.6865 0.166414 0.4105 0.000000e+00
112 0.2077 0.20675 0.9126 0.05844 0.4732 0.821 1.709 0.146514 0.372 0.000000e+00
113 0.1013 0.67605 0.23335 0.02376 0.1724 0.9225 1.842 0.089401 0.2175 0.000000e+00
114 0.64375 0.19915 0.8632 0.03976 0.2424 0.8285 1.9545 0.011393 0.341 0.000000e+00
115 0.7549 0.34545 0.06805 0.05028 0.2792 0.7135 1.781 0.187906 0.085 0.000000e+00
116 0.9639 0.79385 0.63425 0.03572 0.3028 0.6415 1.8795 0.068904 0.4105 0.000000e+00
117 0.27325 0.10605 0.24665 0.0324 0.4224 0.722 1.821 0.070496 0.318 4.806895e-01
118 0.23335 0.89645 0.69125 0.03492 0.268 0.7945 1.8405 0.100147 0.001 0.000000e+00
119 0.56585 0.87555 0.2932 0.05756 0.4044 0.986 1.611 0.07965 0.475 0.000000e+00
120 0.5288 0.4699 0.2647 0.04068 0.256 0.8035 1.9165 0.071093 0.4445 0.000000e+00
121 0.3236 0.40815 0.38345 0.0538 0.4392 0.772 1.5695 0.010597 0.479 2.341669e-01
122 0.66275 0.5934 0.21245 0.03364 0.294 0.9795 1.6275 0.043233 0.306 0.000000e+00
123 0.76535 0.3445 0.60005 0.0512 0.4272 0.9355 1.738 0.199448 0.195 0.000000e+00
124 0.3122 0.32645 0.59245 0.04536 0.262 0.7315 1.519 0.093381 0.3135 3.689785e-01
125 0.52595 0.35875 0.11365 0.05968 0.494 0.927 1.842 0.065322 0.2615 3.659557e-01
126 0.6295 0.29035 0.8081 0.05956 0.29 0.678 1.531 0.10353 0.4895 0.000000e+00
127 0.8575 0.3236 0.53925 0.03656 0.3296 0.5745 1.739 0.015174 0.3085 7.870575e-01
128 0.4585 0.45755 0.3578 0.03856 0.3436 0.5005 1.522 0.154673 0.0975 0.000000e+00
129 0.22575 0.088 0.71025 0.0522 0.124 0.93 1.866 0.165021 0.402 0.000000e+00
130 0.66655 0.715 0.33785 0.02272 0.1828 0.7715 1.5965 0.146713 0.101 0.000000e+00
131 0.31315 0.9829 0.5706 0.04048 0.2404 0.8775 1.863 0.154275 0.2815 0.000000e+00
132 0.9069 0.24855 0.33025 0.03176 0.32 0.5535 1.7835 0.187906 0.3705 0.000000e+00
133 0.64945 0.5326 0.24475 0.04616 0.4224 0.8955 1.667 0.141141 0.445 0.000000e+00
134 0.77675 0.85085 0.22005 0.0262 0.1032 0.7095 1.863 0.160842 0.3365 0.000000e+00
135 0.38535 0.7321 0.28655 0.05324 0.1408 0.902 1.6705 0.145121 0.411 0.000000e+00
136 0.99525 0.449 0.8499 0.03244 0.1104 0.792 1.653 0.038457 0.0505 0.000000e+00
137 0.5174 0.6922 0.24095 0.05204 0.3588 0.814 1.539 0.145519 0.2225 0.000000e+00
138 0.1317 0.61145 0.50885 0.02108 0.1524 0.63 1.7695 0.092784 0.3785 0.000000e+00
139 0.24855 0.40435 0.91355 0.0308 0.24 0.5785 1.8175 0.205617 0.3985 0.000000e+00
140 0.3673 0.94775 0.6751 0.04572 0.292 0.965 1.907 0.017363 0.3495 0.000000e+00
141 0.772 0.65135 0.20105 0.0282 0.4632 0.5755 1.635 0.208602 0.1285 0.000000e+00
142 0.92875 0.6295 0.1279 0.04064 0.302 0.7915 1.699 0.180941 0.162 0.000000e+00
143 0.44995 0.6086 0.9088 0.05792 0.3268 0.5135 1.503 0.171389 0.4975 0.000000e+00
144 0.2134 0.10795 0.40625 0.03692 0.1304 0.6275 1.8645 0.032487 0.313 0.000000e+00
145 0.3179 0.5896 0.2077 0.05564 0.4372 0.914 1.8555 0.096764 0.1075 0.000000e+00
146 0.9943 0.1184 0.25045 0.04888 0.1304 0.685 1.572 0.026517 0.261 0.000000e+00
147 0.6219 0.71025 0.68935 0.0596 0.2836 0.964 1.6985 0.17517 0.4545 0.000000e+00
148 0.7321 0.92305 0.3141 0.0434 0.1896 0.5095 1.779 0.126017 0.1025 0.000000e+00
149 0.3578 0.93825 0.14975 0.02128 0.1356 0.514 1.74 0.160643 0.3295 0.000000e+00
150 0.64185 0.1108 0.21625 0.03376 0.368 0.8465 1.5935 0.028308 0.148 7.116210e-01
151 0.21055 0.16685 0.0519 0.03796 0.196 0.6155 1.765 0.111092 0.1965 0.000000e+00
152 0.40625 0.069 0.6162 0.05044 0.356 0.9155 1.9 0.160245 0.198 0.000000e+00
153 0.83565 0.4471 0.64375 0.04216 0.4828 0.5985 1.9075 0.205418 0.204 0.000000e+00
154 0.924 0.27705 0.25615 0.04608 0.2988 0.522 1.999 0.045024 0.371 4.546001e-01
155 0.77295 0.5098 0.36445 0.05448 0.4756 0.769 1.63 0.146116 0.234 5.420084e-01
156 0.6295 0.84515 0.5288 0.05376 0.3012 0.7015 1.88 0.0896 0.043 0.000000e+00
157 0.86795 0.30935 0.73305 0.0286 0.3936 0.902 1.525 0.13537 0.213 0.000000e+00
158 0.44995 0.6143 0.0747 0.0254 0.4304 0.729 1.7805 0.101739 0.3635 0.000000e+00
159 0.8936 0.51265 0.487 0.0272 0.4312 0.5655 1.725 0.181737 0.3775 0.000000e+00
160 0.52405 0.59625 0.21055 0.05708 0.2708 0.907 1.618 0.042039 0.187 0.000000e+00
161 0.05475 0.46515 0.4794 0.05768 0.4204 0.862 1.79 0.122435 0.2355 0.000000e+00
162 0.20675 0.48605 0.8119 0.02724 0.4896 0.685 1.7615 0.091789 0.1685 0.000000e+00
163 0.5155 0.88505 0.15545 0.0348 0.23 0.609 1.663 0.14333 0.3245 0.000000e+00
164 0.23145 0.09845 0.5649 0.03408 0.4772 0.753 1.8505 0.027114 0.063 0.000000e+00
165 0.1431 0.76155 0.58105 0.03016 0.4484 0.5005 1.562 0.14333 0.351 0.000000e+00
166 0.83185 0.9012 0.13835 0.02908 0.22 0.5305 1.7175 0.120047 0.0245 0.000000e+00
167 0.525 0.4775 0.1564 0.05112 0.3676 0.646 1.881 0.025124 0.2175 0.000000e+00
168 0.2476 0.33025 0.07945 0.05348 0.4168 0.976 1.742 0.183329 0.052 0.000000e+00
169 0.2552 0.3787 0.2723 0.03268 0.3896 0.5415 1.7535 0.205219 0.3255 0.000000e+00
170 0.55635 0.6485 0.5231 0.05188 0.4164 0.724 1.825 0.199647 0.1855 0.000000e+00
171 0.30555 0.98195 0.19725 0.03588 0.1888 0.9165 1.764 0.096565 0.134 0.000000e+00
172 0.4946 0.11365 0.5383 0.05648 0.3572 0.509 1.7875 0.048009 0.492 0.000000e+00
173 0.81095 0.70075 0.60955 0.0376 0.1628 0.731 1.9675 0.126813 0.451 0.000000e+00
174 0.98385 0.7131 0.79955 0.024 0.3444 0.9065 1.8795 0.024925 0.109 0.000000e+00
175 0.2628 0.88125 0.93065 0.04936 0.1216 0.693 1.7975 0.193677 0.1185 0.000000e+00
176 0.7074 0.8537 0.51265 0.04924 0.2896 0.5665 1.9425 0.195667 0.002 0.000000e+00
177 0.79575 0.77105 0.80525 0.03908 0.2204 0.9875 1.813 0.193677 0.268 0.000000e+00
178 0.10035 0.5345 0.7378 0.02588 0.3924 0.595 1.5445 0.111291 0.0885 0.000000e+00
179 0.41955 0.6713 0.1963 0.0314 0.254 0.649 1.6375 0.119649 0.0235 0.000000e+00
180 0.05855 0.2533 0.4927 0.03676 0.3656 0.619 1.7495 0.192881 0.255 0.000000e+00
181 0.14025 0.58105 0.85845 0.0366 0.4524 0.5425 1.819 0.117261 0.4 0.000000e+00
182 0.696 0.4775 0.9563 0.03112 0.1916 0.7725 1.5065 0.010398 0.3845 0.000000e+00
183 0.62285 0.3958 0.8442 0.0318 0.2988 0.8065 1.807 0.203826 0.438 0.000000e+00
184 0.487 0.6504 0.15545 0.04112 0.1656 0.9855 1.912 0.040248 0.2745 0.000000e+00
185 0.8689 0.25995 0.696 0.03756 0.4248 0.7605 1.9475 0.111291 0.421 0.000000e+00
186 0.3027 0.11555 0.99715 0.0518 0.248 0.5315 1.9635 0.115072 0.3885 0.000000e+00
187 0.65515 0.7207 0.5516 0.02316 0.1008 0.869 1.567 0.066317 0.1745 0.000000e+00
188 0.69885 0.54115 0.32075 0.04648 0.3448 0.796 1.567 0.139947 0.0675 0.000000e+00
189 0.5668 0.487 0.38155 0.03784 0.476 0.8335 1.766 0.173976 0.032 0.000000e+00
190 0.06805 0.544 0.8328 0.02932 0.3136 0.9035 1.7405 0.190493 0.2695 0.000000e+00
191 0.1241 0.22385 0.94205 0.02732 0.2256 0.845 1.5595 0.043034 0.235 0.000000e+00
192 0.38725 0.4357 0.71785 0.0338 0.1648 0.7065 1.9495 0.166215 0.2385 0.000000e+00
193 0.1488 0.5117 0.0842 0.04716 0.4324 0.847 1.6495 0.136763 0.4395 0.000000e+00
194 0.06805 0.7872 0.9107 0.04712 0.1016 0.803 1.514 0.144723 0.4755 0.000000e+00
195 0.449 0.3901 0.16305 0.03252 0.1044 0.7495 1.5135 0.113878 0.457 0.000000e+00
196 0.80905 0.94205 0.89645 0.05512 0.2812 0.968 1.977 0.087809 0.1945 0.000000e+00
197 0.39105 0.9582 0.9031 0.04416 0.162 0.8435 1.625 0.109898 0.102 7.052852e-02
198 0.07755 0.82995 0.78245 0.02588 0.3868 0.8995 1.517 0.167011 0.465 0.000000e+00
199 0.07375 0.867 0.3198 0.03172 0.4948 0.9495 1.827 0.066715 0.483 0.000000e+00
200 0.90595 0.9677 0.78625 0.04144 0.4952 0.9395 1.952 0.034875 0.0035 0.000000e+00
201 0.2951 0.57345 0.278 0.044 0.4024 0.637 1.668 0.202035 0.325 0.000000e+00
202 0.22195 0.63995 0.8993 0.02284 0.1504 0.842 1.632 0.095968 0.239 0.000000e+00
203 0.82425 0.4338 0.81 0.0384 0.3528 0.7525 1.6465 0.16124 0.311 0.000000e+00
204 0.1184 0.8043 0.36065 0.02964 0.4084 0.861 1.956 0.031691 0.2135 0.000000e+00
205 0.68555 0.71975 0.76535 0.02348 0.322 0.508 1.974 0.197657 0.3265 0.000000e+00
206 0.2267 0.5573 0.8898 0.05948 0.4572 0.902 1.807 0.010597 0.113 0.000000e+00
207 0.9145 0.6751 0.8024 0.0228 0.2704 0.5105 1.7305 0.095769 0.4965 0.000000e+00
208 0.11175 0.9183 0.1241 0.02672 0.4608 0.922 1.8545 0.103928 0.493 0.000000e+00
209 0.5345 0.84135 0.89075 0.0544 0.1936 0.806 1.763 0.1891 0.3 0.000000e+00
210 0.8575 0.8252 0.9981 0.05932 0.3576 0.655 1.808 0.029701 0.4805 0.000000e+00
211 0.97435 0.82425 0.49935 0.04632 0.358 0.784 1.735 0.142932 0.194 0.000000e+00
212 0.18395 0.924 0.16875 0.02792 0.4212 0.564 1.9495 0.079053 0.256 0.000000e+00
213 0.2248 0.316 0.278 0.04976 0.2564 0.7845 1.62 0.012786 0.1815 0.000000e+00
214 0.0671 0.10035 0.7454 0.0444 0.1376 0.9155 1.5555 0.07965 0.4225 0.000000e+00
215 0.29605 0.2913 0.7093 0.04784 0.4712 0.806 1.8375 0.17716 0.024 0.000000e+00
216 0.53925 0.31885 0.9107 0.0254 0.2192 0.9355 1.6755 0.175369 0.327 0.000000e+00
217 0.19535 0.5421 0.5839 0.02068 0.1916 0.5085 1.5885 0.155071 0.311 0.000000e+00
218 0.44995 0.87935 0.7074 0.03236 0.1396 0.7535 1.8005 0.025721 0.05 0.000000e+00
219 0.5953 0.21435 0.15545 0.0582 0.438 0.534 1.5055 0.159051 0.0745 0.000000e+00
220 0.14215 0.9696 0.6029 0.04456 0.4312 0.6195 1.6665 0.010199 0.004 0.000000e+00
221 0.7074 0.2267 0.2951 0.04128 0.3984 0.513 1.891 0.177757 0.3995 6.768432e-01
222 0.7207 0.5383 0.3502 0.04484 0.3508 0.976 1.934 0.034676 0.44 0.000000e+00
223 0.71975 0.98385 0.6789 0.0206 0.484 0.974 1.5605 0.17517 0.2465 0.000000e+00
224 0.6618 0.0595 0.26565 0.05084 0.1472 0.936 1.854 0.125022 0.4945 1.596890e-01
225 0.9753 0.78625 0.2077 0.03716 0.1824 0.6715 1.632 0.044427 0.4425 0.000000e+00
226 0.2172 0.87935 0.9848 0.03764 0.3632 0.8985 1.8265 0.099948 0.4105 0.000000e+00
227 0.8062 0.24 0.7207 0.04344 0.412 0.716 1.8505 0.175767 0.3425 5.325884e-01
228 0.2913 0.8195 0.677 0.02824 0.2936 0.594 1.996 0.112087 0.415 0.000000e+00
229 0.78055 0.0671 0.49555 0.05824 0.4972 0.7635 1.5135 0.169598 0.0445 0.000000e+00
230 0.9677 0.73305 0.4794 0.03912 0.362 0.5465 1.8045 0.180145 0.375 0.000000e+00
231 0.6314 0.55255 0.6846 0.043 0.2796 0.7185 1.9035 0.152086 0.194 3.583984e-01
232 0.54495 0.11935 0.1887 0.04448 0.3036 0.757 1.781 0.128803 0.256 0.000000e+00
233 0.3179 0.84135 0.48035 0.05088 0.4304 0.569 1.834 0.119251 0.2135 0.000000e+00
234 0.56965 0.1393 0.48985 0.02056 0.4616 0.6375 1.8655 0.106117 0.2635 0.000000e+00
235 0.8765 0.1792 0.65705 0.02728 0.4036 0.8855 1.9895 0.076267 0.2605 0.000000e+00
236 0.99145 0.51075 0.1279 0.0474 0.3052 0.603 1.884 0.18512 0.163 7.345483e-01
237 0.9031 0.86035 0.2628 0.05204 0.1456 0.534 1.632 0.187906 0.2145 0.000000e+00
238 0.962 0.8879 0.0956 0.04212 0.2824 0.805 1.8965 0.083431 0.178 0.000000e+00
239 0.9734 0.51455 0.36635 0.0538 0.454 0.8925 1.596 0.197657 0.288 0.000000e+00
240 0.54305 0.3559 0.31695 0.02708 0.286 0.865 1.6375 0.114475 0.056 0.000000e+00
241 0.13645 0.51835 0.15545 0.049 0.1008 0.7315 1.676 0.161041 0.092 0.000000e+00
242 0.9962 0.7682 0.86415 0.04312 0.4232 0.8895 1.907 0.166812 0.1065 0.000000e+00
243 0.5516 0.48415 0.2419 0.04692 0.2588 0.9435 1.8355 0.098555 0.2285 4.457414e-02
244 0.11175 0.87175 0.70265 0.03392 0.154 0.5635 1.997 0.19507 0.146 0.000000e+00
245 0.9145 0.13265 0.316 0.02164 0.4252 0.5905 1.8175 0.036865 0.0155 0.000000e+00
246 0.2951 0.7226 0.107 0.04744 0.4544 0.666 1.6985 0.036069 0.393 0.000000e+00
247 0.14405 0.34735 0.1393 0.0344 0.3676 0.7965 1.6405 0.055571 0.4575 0.000000e+00
248 0.71975 0.12885 0.92685 0.03576 0.304 0.795 1.848 0.207607 0.4025 5.906962e-01
249 0.6485 0.6865 0.83375 0.04228 0.2364 0.684 1.653 0.18512 0.419 0.000000e+00
250 0.7758 0.51835 0.19535 0.04696 0.282 0.944 1.903 0.024527 0.115 5.681186e-01
251 0.97245 0.45565 0.2514 0.0334 0.4588 0.6235 1.506 0.159051 0.149 5.918882e-01
252 0.82045 0.1203 0.164 0.03112 0.3008 0.5375 1.652 0.014975 0.2235 0.000000e+00
253 0.886 0.7378 0.91925 0.04404 0.13 0.6005 1.646 0.156464 0.219 4.006113e-01
254 0.8537 0.2267 0.5459 0.05376 0.1904 0.5 1.776 0.110296 0.352 2.614018e-01
255 0.98385 0.31695 0.75965 0.04116 0.4532 0.7655 1.7 0.17716 0.156 0.000000e+00
256 0.22955 0.3198 0.107 0.05232 0.35 0.9005 1.721 0.132385 0.0035 0.000000e+00
257 0.9278 0.27705 0.6732 0.05828 0.4832 0.6585 1.819 0.013582 0.24 0.000000e+00
258 0.83185 0.3977 0.89075 0.04324 0.4872 0.5545 1.9615 0.077461 0.035 0.000000e+00
259 0.1906 0.5402 0.9886 0.02664 0.1844 0.9775 1.921 0.17716 0.247 0.000000e+00
260 0.43855 0.1431 0.80335 0.0406 0.1548 0.915 1.7 0.068705 0.164 0.000000e+00
261 0.78625 0.77295 0.4737 0.05696 0.3288 0.702 1.868 0.110097 0.3595 0.000000e+00
262 0.5934 0.31885 0.19915 0.0474 0.2456 0.6895 1.8895 0.020945 0.2155 6.938653e-01
263 0.8404 0.8784 0.94395 0.03572 0.1828 0.738 1.906 0.083829 0.4775 0.000000e+00
264 0.61335 0.33975 0.3293 0.02292 0.2972 0.851 1.901 0.148504 0.2535 0.000000e+00
265 0.2552 0.64755 0.7853 0.05156 0.284 0.6835 1.997 0.095769 0.0725 0.000000e+00
266 0.183 0.4566 0.8594 0.03728 0.4184 0.549 1.9315 0.18114 0.345 0.000000e+00
267 0.9392 0.3635 0.74635 0.036 0.228 0.9965 1.566 0.17716 0.487 0.000000e+00
268 0.9107 0.9677 0.3806 0.05384 0.442 0.96 1.7915 0.152484 0.253 0.000000e+00
269 0.8537 0.43285 0.1241 0.03724 0.2876 0.966 1.704 0.177757 0.436 0.000000e+00
270 0.82235 0.5269 0.96295 0.02392 0.3852 0.7675 1.8455 0.074078 0.0405 0.000000e+00
271 0.96295 0.6656 0.7207 0.03376 0.1532 0.6535 1.931 0.041044 0.4295 0.000000e+00
272 0.78435 0.772 0.7644 0.04672 0.4748 0.6635 1.6615 0.174573 0.127 0.000000e+00
273 0.37015 0.70075 0.5858 0.03096 0.4764 0.9815 1.501 0.155867 0.381 0.000000e+00
274 0.4357 0.19535 0.0842 0.04744 0.316 0.604 1.5215 0.154474 0.1 0.000000e+00
275 0.89645 0.1355 0.2818 0.02668 0.3424 0.703 1.708 0.041243 0.2665 7.000665e-01
276 0.91165 0.36255 0.8062 0.0584 0.4044 0.845 1.791 0.078257 0.4925 0.000000e+00
277 0.5136 0.2476 0.107 0.02876 0.156 0.879 1.724 0.144325 0.145 0.000000e+00
278 0.06615 0.4775 0.67035 0.02172 0.4312 0.833 1.9895 0.113082 0.369 0.000000e+00
279 0.943 0.468 0.2723 0.055 0.394 0.973 1.7675 0.025323 0.1605 0.000000e+00
280 0.4547 0.563 0.80335 0.05176 0.3 0.711 1.7835 0.207408 0.352 0.000000e+00
281 0.79195 0.5516 0.91355 0.0522 0.2904 0.946 1.913 0.174772 0.1635 0.000000e+00
282 0.2419 0.088 0.6105 0.04356 0.1268 0.515 1.7245 0.020945 0.4515 0.000000e+00
283 0.3236 0.278 0.4908 0.03332 0.1836 0.83 1.5625 0.02592 0.462 1.521986e-01
284 0.1469 0.7188 0.12695 0.04272 0.1192 0.848 1.757 0.090595 0.0555 0.000000e+00
285 0.89835 0.9411 0.5801 0.03056 0.3488 0.779 1.8855 0.015572 0.2595 0.000000e+00
286 0.7891 0.05475 0.95725 0.04516 0.1012 0.6785 1.956 0.107311 0.396 4.982447e-01
287 0.8271 0.6029 0.46895 0.0402 0.126 0.5585 1.5 0.115868 0.335 0.000000e+00
288 0.15735 0.867 0.77295 0.05056 0.3396 0.824 1.8545 0.079849 0.1965 9.259793e-02
289 0.10605 0.26375 0.98765 0.02688 0.1608 0.6565 1.5355 0.16522 0.217 0.000000e+00
290 0.60195 0.57535 0.59055 0.04996 0.3828 0.894 1.6915 0.043034 0.2515 0.000000e+00
291 0.9639 0.48795 0.95725 0.04792 0.274 0.819 1.8065 0.027114 0.13 0.000000e+00
292 0.7188 0.6428 0.39675 0.04028 0.2148 0.7595 1.6445 0.10154 0.2625 0.000000e+00
293 0.8195 0.86795 0.639 0.03332 0.4852 0.782 1.7305 0.061541 0.379 0.000000e+00
294 0.18775 0.41005 0.2932 0.04704 0.1948 0.8755 1.9045 0.129997 0.401 1.505002e-01
295 0.06425 0.65515 0.2438 0.02112 0.4624 0.7965 1.7525 0.143529 0.277 0.000000e+00
296 0.5991 0.65895 0.0671 0.0326 0.2988 0.6865 1.656 0.104326 0.335 0.000000e+00
297 0.26945 0.26375 0.4319 0.04548 0.4156 0.5245 1.556 0.114475 0.076 0.000000e+00
298 0.6941 0.09655 0.5364 0.04816 0.1492 0.5145 1.677 0.079252 0.031 0.000000e+00
299 0.49365 0.3312 0.6371 0.04092 0.302 0.806 1.5235 0.105321 0.076 0.000000e+00
300 0.33785 0.3407 0.23145 0.03616 0.1668 0.885 1.868 0.130196 0.1915 0.000000e+00
301 0.48225 0.29225 0.24855 0.03284 0.2148 0.8195 1.961 0.165817 0.0295 0.000000e+00
302 0.6656 0.61335 0.8917 0.027 0.1716 0.9 1.7485 0.193279 0.0115 0.000000e+00
303 0.7435 0.6067 0.92875 0.04244 0.154 0.854 1.828 0.013781 0.27 1.948740e-01
304 0.66085 0.3635 0.29415 0.04604 0.4712 0.883 1.818 0.191687 0.285 4.127559e-01
305 0.81665 0.20485 0.7131 0.0218 0.3164 0.5685 1.607 0.187508 0.0275 0.000000e+00
306 0.85655 0.20295 0.3616 0.02688 0.2588 0.8625 1.593 0.065123 0.284 0.000000e+00
307 0.0918 0.3692 0.77105 0.05412 0.4036 0.557 1.7045 0.171787 0.0125 4.571341e-01
308 0.95725 0.6561 0.64945 0.04412 0.3804 0.6375 1.7755 0.082436 0.385 0.000000e+00
309 0.32075 0.8385 0.3597 0.03912 0.422 0.9255 1.813 0.092187 0.2475 0.000000e+00
310 0.05855 0.5117 0.4262 0.0334 0.1816 0.997 1.8165 0.089998 0.3665 0.000000e+00
311 0.29985 0.98765 0.30365 0.0434 0.4256 0.7005 1.736 0.046815 0.444 0.000000e+00
312 0.8917 0.38915 0.9601 0.05944 0.3112 0.533 1.7445 0.197458 0.406 0.000000e+00
313 0.297 0.9905 0.13835 0.0312 0.2124 0.6255 1.6065 0.137559 0.0125 0.000000e+00
314 0.2457 0.31885 0.8632 0.04688 0.3572 0.5805 1.749 0.049004 0.0035 0.000000e+00
315 0.9753 0.68935 0.45375 0.0492 0.4204 0.729 1.834 0.014179 0.1975 0.000000e+00
316 0.6827 0.59625 0.7758 0.02236 0.4168 0.6345 1.754 0.023134 0.465 8.170460e-01
317 0.32455 0.17255 0.7758 0.04564 0.3208 0.927 1.8455 0.033084 0.0555 0.000000e+00
318 0.49935 0.07755 0.8575 0.03676 0.3624 0.9155 1.507 0.012388 0.2335 0.000000e+00
319 0.39865 0.28085 0.51455 0.03836 0.3544 0.724 1.961 0.175767 0.389 0.000000e+00
320 0.7492 0.8404 0.7625 0.02432 0.4372 0.773 1.8655 0.180742 0.443 0.000000e+00
321 0.96865 0.37205 0.52215 0.04148 0.4508 0.8755 1.6425 0.089003 0.0065 0.000000e+00
322 0.71215 0.57345 0.31695 0.04044 0.4648 0.59 1.6195 0.186115 0.315 0.000000e+00
323 0.18775 0.89075 0.0519 0.02388 0.2272 0.7985 1.738 0.039651 0.4475 0.000000e+00
324 0.63995 0.53165 0.5516 0.02424 0.4544 0.973 1.672 0.208204 0.36 0.000000e+00
325 0.73875 0.97245 0.25805 0.04472 0.4144 0.807 1.9835 0.091391 0.377 0.000000e+00
326 0.6865 0.6618 0.29795 0.03916 0.14 0.5385 1.744 0.200841 0.1275 6.275927e-01
327 0.5402 0.2552 0.68935 0.02792 0.1456 0.9445 1.9025 0.013184 0.0825 0.000000e+00
328 0.9297 0.99525 0.19535 0.0588 0.3832 0.7325 1.789 0.036865 0.0775 0.000000e+00
329 0.1697 0.7549 0.32265 0.05076 0.4828 0.7955 1.7295 0.086018 0.101 5.367653e-02
330 0.06045 0.78055 0.8366 0.02368 0.1928 0.809 1.5805 0.037263 0.4685 0.000000e+00
331 0.9012 0.84515 0.77675 0.05652 0.2336 0.8805 1.564 0.18114 0.421 0.000000e+00
332 0.82045 0.7834 0.1108 0.02904 0.436 0.684 1.644 0.087411 0.46 0.000000e+00
333 0.5858 0.2647 0.75015 0.04676 0.1432 0.9475 1.9005 0.114674 0.2965 0.000000e+00
334 0.22195 0.86985 0.2552 0.02444 0.4688 0.815 1.895 0.025323 0.3355 0.000000e+00
335 0.41385 0.316 0.5478 0.05416 0.49 0.6435 1.547 0.087809 0.4395 6.181371e-01
336 0.68935 0.3787 0.5174 0.0524 0.1736 0.745 1.91 0.028308 0.3215 0.000000e+00
337 0.5725 0.6181 0.64945 0.0532 0.1436 0.834 1.6495 0.082635 0.4385 0.000000e+00
338 0.886 0.38535 0.91165 0.0524 0.3696 0.83 1.8375 0.070894 0.471 0.000000e+00
339 0.09085 0.3008 0.9487 0.05988 0.2356 0.5535 1.8045 0.139748 0.0665 0.000000e+00
340 0.9278 0.46135 0.0861 0.03352 0.2728 0.529 1.6715 0.110097 0.062 6.937838e-01
341 0.92305 0.26755 0.5516 0.02904 0.172 0.75 1.615 0.111888 0.4225 0.000000e+00
342 0.1526 0.58295 0.1298 0.02668 0.1036 0.5695 1.633 0.134574 0.382 0.000000e+00
343 0.8404 0.48225 0.43855 0.046 0.432 0.7085 1.7445 0.202831 0.021 0.000000e+00
344 0.4908 0.7568 0.2229 0.02668 0.2632 0.6805 1.8275 0.04781 0.039 0.000000e+00
345 0.8157 0.59435 0.2799 0.05968 0.2248 0.5615 1.8805 0.051989 0.345 0.000000e+00
346 0.47845 0.8727 0.2286 0.04336 0.2516 0.624 1.593 0.095172 0.469 0.000000e+00
347 0.05095 0.48795 0.7264 0.0562 0.4548 0.886 1.537 0.192881 0.1035 0.000000e+00
348 0.7967 0.87935 0.35115 0.03848 0.1172 0.661 1.869 0.183727 0.0795 0.000000e+00
349 0.67795 0.5288 0.22005 0.03448 0.3148 0.9665 1.633 0.132982 0.088 0.000000e+00
350 0.2913 0.3141 0.55255 0.05872 0.1616 0.8245 1.664 0.144126 0.1395 0.000000e+00
351 0.05855 0.2191 0.67035 0.04988 0.184 0.637 1.6985 0.173976 0.26 0.000000e+00
352 0.886 0.52595 0.93065 0.04336 0.4968 0.725 1.541 0.197856 0.1995 0.000000e+00
353 0.55635 0.2248 0.1773 0.02864 0.1488 0.586 1.756 0.093182 0.151 0.000000e+00
354 0.8708 0.44615 0.17065 0.0234 0.4484 0.9355 1.8855 0.070894 0.28 3.562989e-01
355 0.7739 0.72545 0.23905 0.03812 0.1148 0.691 1.8415 0.114077 0.0545 0.000000e+00
356 0.95155 0.82425 0.3236 0.04104 0.1024 0.6795 1.8845 0.18114 0.452 0.000000e+00
357 0.1507 0.81 0.0861 0.03632 0.3412 0.914 1.9495 0.174772 0.3 0.000000e+00
358 0.2324 0.51455 0.96865 0.04164 0.1228 0.913 1.862 0.200244 0.111 0.000000e+00
359 0.79955 0.6485 0.3863 0.03724 0.4612 0.701 1.689 0.083431 0.2075 0.000000e+00
360 0.3407 0.4395 0.89075 0.05228 0.348 0.918 1.6845 0.081441 0.1085 0.000000e+00
361 0.5041 0.1811 0.06615 0.0348 0.1528 0.7145 1.9215 0.042238 0.167 0.000000e+00
362 0.2343 0.60575 0.44615 0.03176 0.2736 0.9245 1.5255 0.145718 0.4585 0.000000e+00
363 0.11935 0.4585 0.91355 0.02064 0.2552 0.7305 1.517 0.054576 0.2925 0.000000e+00
364 0.18775 0.48985 0.08895 0.0226 0.14 0.7695 1.6105 0.133181 0.0905 0.000000e+00
365 0.80525 0.86225 0.48985 0.02392 0.1368 0.835 1.8305 0.190493 0.143 0.000000e+00
366 0.20485 0.36635 0.9715 0.03492 0.4924 0.998 1.764 0.085819 0.194 0.000000e+00
367 0.05475 0.6922 0.92305 0.05984 0.208 0.922 1.7205 0.138355 0.1825 0.000000e+00
368 0.8157 0.0519 0.1374 0.035 0.4872 0.7475 1.5015 0.183926 0.385 7.790056e-01
369 0.98385 0.0538 0.41765 0.02724 0.3108 0.9505 1.7055 0.15925 0.036 0.000000e+00
370 0.924 0.487 0.65895 0.0268 0.256 0.5575 1.9605 0.172782 0.1875 0.000000e+00
371 0.05 0.4623 0.41385 0.05852 0.4976 0.8285 1.7545 0.130594 0.128 3.524688e-01
372 0.62665 0.52975 0.37395 0.04524 0.3128 0.8635 1.6005 0.201637 0.334 0.000000e+00
373 0.3844 0.59435 0.07375 0.05336 0.2968 0.7025 1.7 0.020945 0.0295 0.000000e+00
374 0.31125 0.92875 0.29605 0.03852 0.3584 0.58 1.5155 0.122236 0.1795 0.000000e+00
375 0.05855 0.0652 0.2913 0.04352 0.1172 0.829 1.5105 0.021741 0.09 0.000000e+00
376 0.354 0.9069 0.26185 0.05604 0.4892 0.906 1.694 0.025522 0.0965 0.000000e+00
377 0.3369 0.145 0.0918 0.02076 0.1472 0.6975 1.978 0.189697 0.1855 0.000000e+00
378 0.4167 0.0595 0.79955 0.0256 0.1476 0.8855 1.9375 0.072088 0.3005 0.000000e+00
379 0.3654 0.61905 0.24095 0.03844 0.4576 0.808 1.6485 0.137758 0.102 0.000000e+00
380 0.2856 0.38915 0.46895 0.0238 0.1268 0.5025 1.834 0.119649 0.011 0.000000e+00
381 0.98765 0.8366 0.7663 0.05228 0.2692 0.8175 1.655 0.040447 0.067 0.000000e+00
382 0.8746 0.05665 0.7891 0.03732 0.4896 0.841 1.767 0.15726 0.3865 0.000000e+00
383 0.28085 0.75205 0.39485 0.03884 0.2996 0.742 1.7535 0.053183 0.475 0.000000e+00
384 0.1127 0.1735 0.4414 0.02468 0.1416 0.503 1.752 0.089202 0.4285 6.919291e-01
385 0.8233 0.6675 0.8024 0.02484 0.3968 0.645 1.7365 0.208005 0.0675 0.000000e+00
386 0.8442 0.4167 0.9639 0.05012 0.1048 0.827 1.558 0.178752 0.219 0.000000e+00
387 0.8936 0.47845 0.3046 0.05092 0.1324 0.5945 1.871 0.144325 0.3945 0.000000e+00
388 0.15545 0.1146 0.3369 0.02448 0.2416 0.773 1.839 0.039651 0.402 0.000000e+00
389 0.1849 0.78435 0.18585 0.04208 0.3964 0.6935 1.6685 0.086416 0.273 0.000000e+00
390 0.52595 0.14025 0.39485 0.04348 0.2652 0.5495 1.8265 0.201836 0.1855 7.383750e-01
391 0.64945 0.86605 0.43095 0.03528 0.3428 0.5925 1.789 0.018557 0.3285 0.000000e+00
392 0.5763 0.4566 0.6884 0.03212 0.4796 0.8895 1.651 0.151091 0.2705 0.000000e+00
393 0.1165 0.08895 0.43855 0.03024 0.1668 0.7635 1.6645 0.154275 0.408 0.000000e+00
394 0.126 0.943 0.81665 0.02088 0.3588 0.914 1.9225 0.094973 0.3105 0.000000e+00
395 0.867 0.7188 0.26945 0.0376 0.1552 0.853 1.8775 0.017164 0.0205 5.130687e-01
396 0.2001 0.9677 0.21245 0.02784 0.4284 0.7995 1.9155 0.069501 0.498 0.000000e+00
397 0.39675 0.18775 0.2761 0.0446 0.4028 0.609 1.6945 0.129798 0.343 0.000000e+00
398 0.19345 0.8024 0.6865 0.0352 0.1556 0.584 1.6545 0.046815 0.095 0.000000e+00
399 0.29035 0.27705 0.23525 0.03724 0.1656 0.7645 1.685 0.148106 0.1425 0.000000e+00
400 0.2571 0.126 0.5801 0.02852 0.464 0.752 1.8375 0.053183 0.396 3.986116e-01
401 0.45755 0.41575 0.582 0.0516 0.2236 0.7735 1.9465 0.074277 0.219 0.000000e+00
402 0.66655 0.8233 0.81855 0.04368 0.2212 0.844 1.925 0.187309 0.1925 0.000000e+00
403 0.41195 0.55255 0.51455 0.04948 0.278 0.657 1.6405 0.102734 0.209 0.000000e+00
404 0.76155 0.06995 0.92305 0.0456 0.1288 0.7 1.597 0.023731 0.375 0.000000e+00
405 0.0709 0.9164 0.41575 0.02336 0.3288 0.945 1.8435 0.147907 0.1725 0.000000e+00
406 0.22005 0.1355 0.0614 0.03448 0.3272 0.7995 1.7585 0.147111 0.214 0.000000e+00
407 0.3521 0.93825 0.32455 0.05984 0.2696 0.7465 1.701 0.138952 0.4895 0.000000e+00
408 0.3312 0.8461 0.7188 0.0508 0.3472 0.9165 1.501 0.115271 0.1755 0.000000e+00
409 0.90215 0.4357 0.69315 0.03012 0.382 0.916 1.8355 0.198652 0.0525 2.501431e-02
410 0.05475 0.0557 0.83945 0.05748 0.2056 0.5535 1.518 0.062138 0.266 0.000000e+00
411 0.5896 0.45185 0.57345 0.04464 0.4544 0.936 1.703 0.197259 0.106 0.000000e+00
412 0.20865 0.2457 0.18205 0.0302 0.178 0.5525 1.884 0.032686 0.4535 3.632469e-01
413 0.9582 0.51835 0.75585 0.05304 0.2712 0.578 1.957 0.026517 0.12 0.000000e+00
414 0.6257 0.96105 0.69885 0.05248 0.26 0.882 1.717 0.023333 0.1235 0.000000e+00
415 0.08325 0.7093 0.50885 0.04836 0.13 0.534 1.988 0.054377 0.2525 0.000000e+00
416 0.37965 0.525 0.41005 0.03076 0.4488 0.9625 1.719 0.068108 0.005 0.000000e+00
417 0.22575 0.8841 0.51645 0.04056 0.1896 0.605 1.6315 0.016368 0.3945 0.000000e+00
418 0.09275 0.33785 0.3616 0.03604 0.146 0.652 1.917 0.157658 0.417 0.000000e+00
419 0.1659 0.3768 0.62665 0.02828 0.3188 0.631 1.6325 0.034278 0.2215 0.000000e+00
420 0.63995 0.05855 0.9297 0.02352 0.4552 0.9615 1.548 0.156265 0.248 0.000000e+00
421 0.3008 0.58675 0.54685 0.04704 0.1304 0.5325 1.951 0.107709 0.208 7.578085e-01
422 0.9411 0.3388 0.3654 0.05444 0.37 0.5635 1.607 0.115271 0.082 6.236043e-01
423 0.74635 0.6865 0.8176 0.02892 0.1764 0.8425 1.778 0.053183 0.0685 0.000000e+00
424 0.62 0.1849 0.38155 0.02508 0.1356 0.711 1.5505 0.142136 0.4665 3.277477e-01
425 0.79765 0.81475 0.06045 0.04444 0.3 0.7585 1.6055 0.133579 0.096 0.000000e+00
426 0.11555 0.734 0.0595 0.02624 0.2024 0.5915 1.913 0.144325 0.397 0.000000e+00
427 0.1621 0.49935 0.87745 0.02112 0.4376 0.5425 1.523 0.064128 0.4435 6.731526e-01
428 0.9734 0.82425 0.55825 0.0244 0.1552 0.6925 1.7955 0.135171 0.1925 0.000000e+00
429 0.81665 0.69315 0.2647 0.057 0.1532 0.784 1.873 0.149897 0.275 0.000000e+00
430 0.98385 0.0709 0.14025 0.03916 0.2664 0.953 1.9805 0.05179 0 2.086321e-01
431 0.9202 0.79955 0.7112 0.02616 0.4272 0.7335 1.5025 0.160444 0.4775 0.000000e+00
432 0.9791 0.73875 0.1944 0.02748 0.2424 0.973 1.7775 0.025522 0.0565 0.000000e+00
433 0.2761 0.40055 0.85465 0.03824 0.3068 0.6135 1.5685 0.197259 0.0435 0.000000e+00
434 0.71405 0.34355 0.58865 0.02652 0.1772 0.9345 1.544 0.11746 0.201 0.000000e+00
435 0.3008 0.8917 0.7644 0.05552 0.1088 0.876 1.9825 0.043432 0.233 0.000000e+00
436 0.1412 0.72925 0.74635 0.04024 0.388 0.8745 1.5195 0.078058 0.1565 0.000000e+00
437 0.4661 0.3597 0.9259 0.05672 0.1028 0.7385 1.835 0.202234 0.295 0.000000e+00
438 0.76345 0.26755 0.9278 0.04676 0.3044 0.7385 1.6935 0.054576 0.107 0.000000e+00
439 0.40625 0.2571 0.7207 0.03656 0.2172 0.7715 1.6245 0.076466 0.1785 0.000000e+00
440 0.9791 0.72735 0.64755 0.0524 0.4152 0.644 1.6665 0.017761 0.2715 0.000000e+00
441 0.79195 0.93825 0.92495 0.04648 0.4412 0.9735 1.781 0.141937 0.038 0.000000e+00
442 0.39105 0.5288 0.97625 0.05508 0.1632 0.941 1.755 0.022935 0.267 0.000000e+00
443 0.15735 0.3958 0.221 0.04428 0.34 0.8375 1.919 0.055969 0.3425 0.000000e+00
444 0.2134 0.0937 0.30365 0.05932 0.462 0.574 1.816 0.096167 0.2715 0.000000e+00
445 0.5193 0.5972 0.85655 0.0404 0.4508 0.871 1.9145 0.067312 0.2735 0.000000e+00
446 0.2039 0.58105 0.38155 0.05876 0.3708 0.589 1.5045 0.091192 0.2665 0.000000e+00
447 0.52025 0.8062 0.53735 0.02412 0.2128 0.657 1.873 0.118256 0.309 0.000000e+00
448 0.8974 0.1355 0.7169 0.0536 0.132 0.6185 1.9055 0.064725 0.192 7.141041e-01
449 0.0937 0.07185 0.09465 0.03664 0.1304 0.6815 1.9105 0.126415 0.0985 0.000000e+00
450 0.5326 0.8974 0.26185 0.0312 0.324 0.662 1.5655 0.100545 0.0375 0.000000e+00
451 0.86985 0.84135 0.43095 0.04792 0.182 0.763 1.6565 0.182334 0.03 0.000000e+00
452 0.36445 0.0861 0.4129 0.0296 0.1588 0.603 1.8615 0.152882 0.4535 6.186157e-01
453 0.84135 0.3844 0.15355 0.02428 0.3244 0.862 1.5295 0.12542 0.125 0.000000e+00
454 0.98765 0.86415 0.5649 0.05756 0.486 0.725 1.801 0.041442 0.156 0.000000e+00
455 0.20105 0.91165 0.44425 0.05912 0.4988 0.947 1.6995 0.173379 0.165 0.000000e+00
456 0.5877 0.1564 0.9202 0.02436 0.2788 0.5515 1.7245 0.134972 0.432 0.000000e+00
457 0.9164 0.753 0.66085 0.02532 0.104 0.925 1.8395 0.102336 0.379 0.000000e+00
458 0.7017 0.5782 0.7207 0.0428 0.4196 0.654 1.858 0.046815 0.4645 3.564176e-01
459 0.278 0.63995 0.9468 0.0304 0.362 0.7515 1.7965 0.08562 0.0435 0.000000e+00
460 0.5858 0.43475 0.74065 0.04448 0.2628 0.5955 1.5185 0.062536 0.361 0.000000e+00
461 0.0519 0.5744 0.2115 0.02828 0.3344 0.873 1.5175 0.100545 0.0165 0.000000e+00
462 0.6409 0.99905 0.08705 0.02408 0.392 0.976 1.823 0.079849 0.4175 0.000000e+00
463 0.335 0.14975 0.3198 0.05136 0.408 0.768 1.541 0.108704 0.15 0.000000e+00
464 0.58865 0.68555 0.3464 0.05292 0.1712 0.6725 1.8895 0.195269 0.198 0.000000e+00
465 0.48795 0.7492 0.088 0.04652 0.1336 0.8735 1.6 0.150693 0.1535 0.000000e+00
466 0.77105 0.4604 0.6827 0.02876 0.374 0.9625 1.6475 0.037661 0.4295 2.762045e-01
467 0.7568 0.11175 0.11555 0.04612 0.318 0.7895 1.563 0.042238 0.4925 0.000000e+00
468 0.6713 0.6732 0.0804 0.0466 0.3276 0.778 1.7135 0.083232 0.32 0.000000e+00
469 0.36065 0.50695 0.2001 0.03272 0.4084 0.5115 1.538 0.033482 0.43 6.623798e-01
470 0.64945 0.33405 0.7815 0.04604 0.3804 0.7435 1.697 0.076068 0.381 0.000000e+00
471 0.7435 0.8879 0.75585 0.03764 0.4708 0.6715 1.881 0.066516 0.147 0.000000e+00
472 0.65515 0.0671 0.83375 0.03972 0.2948 0.771 1.661 0.13736 0.388 7.524948e-01
473 0.51835 0.84705 0.73305 0.03464 0.4048 0.9985 1.873 0.111888 0.1345 0.000000e+00
474 0.4946 0.7283 0.58865 0.04992 0.2504 0.6305 1.5205 0.062735 0.2915 0.000000e+00
475 0.7207 0.08135 0.80905 0.05 0.1352 0.5015 1.795 0.108306 0.3195 0.000000e+00
476 0.09275 0.36255 0.9715 0.0262 0.1132 0.633 1.9005 0.191886 0.2855 4.818342e-01
477 0.18015 0.54685 0.6105 0.05496 0.2288 0.8625 1.662 0.137559 0.284 0.000000e+00
478 0.95915 0.8613 0.24855 0.0324 0.4396 0.5935 1.914 0.168603 0.4205 0.000000e+00
479 0.89265 0.43 0.7853 0.0454 0.4828 0.5905 1.542 0.024129 0.3565 0.000000e+00
480 0.26945 0.53735 0.9468 0.04512 0.306 0.747 1.5985 0.104326 0.145 0.000000e+00
481 0.6922 0.82425 0.5763 0.03228 0.4588 0.64 1.9945 0.125221 0.4155 0.000000e+00
482 0.9962 0.4566 0.5231 0.0548 0.4284 0.507 1.8025 0.057959 0.018 9.517917e-02
483 0.202 0.45375 0.20105 0.02384 0.1148 0.9785 1.593 0.123032 0.32 0.000000e+00
484 0.5117 0.18205 0.18585 0.0302 0.1996 0.6385 1.641 0.021542 0.0405 0.000000e+00
485 0.6827 0.05 0.4452 0.04716 0.2004 0.7085 1.7915 0.100545 0.433 0.000000e+00
486 0.7796 0.3065 0.31125 0.02884 0.2196 0.63 1.5535 0.028308 0.203 0.000000e+00
487 0.53355 0.77865 0.36065 0.051 0.4032 0.8095 1.6505 0.082436 0.0195 0.000000e+00
488 0.829 0.11365 0.99335 0.0516 0.4072 0.967 1.8345 0.11547 0.3575 3.936145e-01
489 0.3882 0.33215 0.4547 0.03132 0.1 0.567 1.5045 0.112883 0.0735 0.000000e+00
490 0.7872 0.72545 0.37775 0.03552 0.1028 0.601 1.852 0.057163 0.3415 3.743847e-01
491 0.4262 0.7207 0.962 0.0234 0.4468 0.6115 1.9805 0.044427 0.434 0.000000e+00
492 0.22195 0.5155 0.38725 0.05252 0.256 0.7345 1.98 0.032885 0.3495 0.000000e+00
493 0.4319 0.81095 0.49175 0.02924 0.3512 0.596 1.678 0.129798 0.467 0.000000e+00
494 0.48795 0.54115 0.1564 0.05584 0.1616 0.7055 1.8835 0.121042 0.476 0.000000e+00
495 0.3103 0.05475 0.18395 0.05432 0.31 0.64 1.7875 0.086217 0.4425 0.000000e+00
496 0.65515 0.48035 0.9392 0.02084 0.1756 0.7385 1.714 0.095769 0.2615 0.000000e+00
497 0.76535 0.1393 0.7606 0.02208 0.3192 0.5925 1.8305 0.107112 0.415 0.000000e+00
498 0.77105 0.51645 0.81 0.05792 0.496 0.927 1.9465 0.016766 0.458 5.412101e-01
