1 0.48985 0.677 0.8423 0.05808 0.2516 0.9155 1.8475 0.1095 0.2345 9.891084e-01
2 0.48985 0.677 0.8423 0.05808 0.2516 0.76 1.8475 0.1095 0.2345 9.736048e-01
3 0.48985 0.677 0.8423 0.05808 0.2516 0.881 1.8475 0.1095 0.2345 9.815149e-01
4 0.48985 0.677 0.8423 0.05808 0.2516 0.5375 1.8475 0.1095 0.2345 9.654453e-01
5 0.48985 0.677 0.8423 0.05808 0.2516 0.724 1.8475 0.1095 0.2345 9.722401e-01
6 0.48985 0.677 0.8423 0.05808 0.2516 0.694 1.8475 0.1095 0.2345 9.724632e-01
7 0.48985 0.677 0.8423 0.05808 0.2516 0.675 1.8475 0.1095 0.2345 9.772952e-01
8 0.48985 0.677 0.8423 0.05808 0.2516 0.6905 1.8475 0.1095 0.2345 9.725723e-01
9 0.48985 0.677 0.8423 0.05808 0.2516 0.6255 1.8475 0.1095 0.2345 9.757323e-01
10 0.48985 0.677 0.8423 0.05808 0.2516 0.906 1.8475 0.1095 0.2345 9.835990e-01
11 0.48985 0.677 0.8423 0.05808 0.2516 0.942 1.8475 0.1095 0.2345 9.896448e-01
12 0.48985 0.677 0.8423 0.05808 0.2516 0.553 1.8475 0.1095 0.2345 9.688008e-01
13 0.48985 0.677 0.8423 0.05808 0.2516 0.693 1.8475 0.1095 0.2345 9.725012e-01
14 0.48985 0.677 0.8423 0.05808 0.2516 0.641 1.8475 0.1095 0.2345 9.784500e-01
15 0.48985 0.677 0.8423 0.05808 0.2516 0.9025 1.8475 0.1095 0.2345 9.847589e-01
16 0.48985 0.677 0.8423 0.05808 0.2516 0.887 1.8475 0.1095 0.2345 9.793759e-01
17 0.48985 0.677 0.8423 0.05808 0.2516 0.615 1.8475 0.1095 0.2345 9.741721e-01
18 0.48985 0.677 0.8423 0.05808 0.2516 0.7675 1.8475 0.1095 0.2345 9.799371e-01
19 0.48985 0.677 0.8423 0.05808 0.2516 0.662 1.8475 0.1095 0.2345 9.705862e-01
20 0.48985 0.677 0.8423 0.05808 0.2516 0.5245 1.8475 0.1095 0.2345 9.561114e-01
21 0.48985 0.677 0.8423 0.05808 0.2516 0.8 1.8475 0.1095 0.2345 9.732608e-01
22 0.48985 0.677 0.8423 0.05808 0.2516 0.5595 1.8475 0.1095 0.2345 9.731576e-01
23 0.48985 0.677 0.8423 0.05808 0.2516 0.5965 1.8475 0.1095 0.2345 9.780125e-01
24 0.48985 0.677 0.8423 0.05808 0.2516 0.89 1.8475 0.1095 0.2345 9.842066e-01
25 0.48985 0.677 0.8423 0.05808 0.2516 0.5405 1.8475 0.1095 0.2345 9.621553e-01
