1 0.3844 0.47845 0.36065 0.04436 0.1568 0.8865 1.769 0.080844 0.0225 9.181488e-01
2 0.3768 0.9981 0.7378 0.02084 0.2316 0.7165 1.939 0.027512 0.318 5.987514e-01
3 0.39105 0.84515 0.3122 0.04836 0.4376 0.5715 1.8345 0.035074 0.373 9.476053e-01
4 0.069 0.59815 0.5174 0.0468 0.2408 0.5835 1.506 0.032885 0.104 0.000000e+00
5 0.2058 0.55825 0.8119 0.02028 0.488 0.7585 1.6355 0.132982 0.3445 8.346767e-01
6 0.33975 0.71215 0.1982 0.05468 0.302 0.622 1.9325 0.102933 0.2505 7.738808e-01
7 0.55445 0.0614 0.4756 0.03752 0.4388 0.522 1.851 0.15726 0.212 9.739025e-01
8 0.92875 0.4566 0.69885 0.03488 0.3068 0.621 1.9235 0.042835 0.478 9.250514e-01
9 0.29795 0.7264 0.2609 0.03432 0.48 0.517 1.939 0.121639 0.358 7.522765e-01
10 0.1146 0.715 0.46325 0.0532 0.2484 0.9315 1.8835 0.099749 0.2435 9.654177e-01
11 0.35305 0.37585 0.80335 0.04588 0.322 0.7885 1.767 0.208403 0.0155 8.856445e-01
12 0.94015 0.21815 0.8423 0.03436 0.2124 0.591 1.7305 0.128803 0.015 9.110058e-01
13 0.16115 0.7112 0.4243 0.04228 0.272 0.6745 1.561 0.116465 0.257 8.335666e-01
14 0.202 0.1583 0.4946 0.05668 0.3696 0.7025 1.5255 0.099948 0.094 4.985758e-01
15 0.33215 0.8936 0.9639 0.04608 0.15 0.9035 1.955 0.170593 0.138 9.917423e-01
16 0.0709 0.6884 0.30365 0.03692 0.3624 0.836 1.611 0.154673 0.2485 8.822079e-01
17 0.68175 0.6599 0.9981 0.03064 0.2424 0.505 1.6385 0.120246 0.206 8.893092e-01
18 0.10225 0.90405 0.5554 0.04152 0.1396 0.8385 1.913 0.082436 0.4065 9.383223e-01
19 0.25235 0.76155 0.1621 0.04836 0.4804 0.5595 1.6435 0.047611 0.4895 9.418184e-01
20 0.582 0.97245 0.16495 0.04468 0.3684 0.9725 1.838 0.136763 0.0225 6.463825e-01
21 0.468 0.7207 0.46705 0.02196 0.4764 0.8805 1.7155 0.069302 0.1415 9.590714e-01
22 0.6504 0.373 0.88505 0.02964 0.4012 0.855 1.841 0.014577 0.2215 9.381997e-01
23 0.525 0.11175 0.088 0.04996 0.1472 0.5575 1.7945 0.140942 0.3395 2.604128e-01
24 0.1735 0.9449 0.4186 0.03772 0.2184 0.57 1.8845 0.038059 0.21 9.535887e-01
25 0.5801 0.5801 0.6371 0.05912 0.108 0.853 1.658 0.015174 0.05 9.926201e-01
26 0.5725 0.21625 0.38155 0.03636 0.18 0.8585 1.9015 0.206015 0.478 9.871136e-01
27 0.6808 0.62095 0.88505 0.05184 0.3336 0.9215 1.853 0.049203 0.4105 9.018591e-01
28 0.2533 0.886 0.26755 0.03976 0.172 0.9855 1.6845 0.156265 0.094 9.054857e-01
29 0.088 0.6409 0.5041 0.02348 0.4368 0.609 1.747 0.034875 0.3145 9.638020e-01
30 0.29795 0.37965 0.3122 0.04712 0.3716 0.6415 1.8345 0.193478 0.353 8.949534e-01
31 0.45945 0.85275 0.7663 0.02784 0.358 0.541 1.772 0.032885 0.0555 7.566383e-01
32 0.2286 0.6694 0.601 0.02808 0.3836 0.5005 1.66 0.204821 0.1555 9.373676e-01
33 0.1887 0.18585 0.7777 0.0536 0.3108 0.644 1.8365 0.063332 0.3265 9.729699e-01
34 0.06235 0.8993 0.06805 0.05992 0.4052 0.6825 1.5055 0.155668 0.219 8.145650e-02
35 0.1032 0.33025 0.12695 0.04288 0.2408 0.662 1.9455 0.039054 0.1755 8.011576e-01
36 0.47845 0.84325 0.5497 0.0434 0.192 0.537 1.7525 0.0896 0.326 8.821572e-01
37 0.9544 0.07565 0.3977 0.0596 0.1748 0.6585 1.6585 0.161837 0.13 9.164215e-01
38 0.8214 0.36255 0.5858 0.04192 0.4272 0.6285 1.8025 0.070297 0.0095 9.883111e-01
39 0.5611 0.38725 0.60955 0.05032 0.4708 0.883 1.997 0.160643 0.462 9.530957e-01
40 0.19915 0.34355 0.6181 0.0356 0.2184 0.6205 1.983 0.099351 0.3205 9.787939e-01
41 0.3958 0.7682 0.6447 0.03492 0.1904 0.5715 1.695 0.072287 0.236 9.259096e-01
42 0.5212 0.4528 0.85275 0.05608 0.2204 0.992 1.751 0.182732 0.217 8.495781e-01
43 0.87175 0.7587 0.52785 0.02712 0.1772 0.679 1.731 0.101142 0.387 8.920766e-01
44 0.8537 0.9221 0.86985 0.04368 0.3148 0.6525 1.916 0.088804 0.49 9.754061e-01
45 0.77485 0.34735 0.7245 0.05196 0.2392 0.781 1.9875 0.01796 0.1835 9.777931e-01
46 0.54685 0.68365 0.74255 0.03804 0.4552 0.8085 1.8065 0.195866 0.3845 9.919791e-01
47 0.2115 0.9259 0.56585 0.03584 0.16 0.5255 1.8215 0.024129 0.3565 9.342781e-01
48 0.86415 0.90975 0.9031 0.0232 0.314 0.9725 1.7315 0.070695 0.1 0.000000e+00
49 0.22575 0.9544 0.44235 0.03276 0.2736 0.984 1.985 0.010597 0.221 9.977367e-01
50 0.18585 0.4167 0.2761 0.0376 0.4436 0.737 1.6775 0.070496 0.0125 7.922365e-01
51 0.58295 0.3255 0.74635 0.04612 0.2696 0.654 1.704 0.071292 0.126 9.677844e-01
52 0.3692 0.29225 0.3882 0.04896 0.2236 0.6475 1.5925 0.070894 0.3245 8.628737e-01
53 0.5649 0.7017 0.80145 0.05876 0.1556 0.973 1.669 0.163429 0.4175 9.658584e-01
54 0.9639 0.78055 0.81855 0.03588 0.48 0.7545 1.8765 0.086615 0.2155 0.000000e+00
55 0.56775 0.8955 0.5079 0.02488 0.4532 0.8015 1.7945 0.057959 0.2935 0.000000e+00
56 0.7872 0.91355 0.9563 0.02676 0.258 0.6555 1.6945 0.011393 0.2735 5.587518e-01
57 0.28275 0.34735 0.97055 0.0422 0.2716 0.711 1.554 0.015373 0.4495 7.736584e-01
58 0.1355 0.33975 0.41955 0.04112 0.2364 0.7865 1.9125 0.166613 0.3405 9.283906e-01
59 0.9069 0.1925 0.20865 0.0394 0.1624 0.9615 1.971 0.185717 0.405 9.805142e-01
60 0.5098 0.98955 0.3749 0.05016 0.3968 0.666 1.91 0.134574 0.1095 8.669886e-01
61 0.84135 0.82615 0.82615 0.02596 0.2484 0.967 1.8365 0.170991 0.1545 9.103920e-01
62 0.1222 0.74445 0.8822 0.02508 0.3776 0.6245 1.697 0.116863 0.024 8.766033e-01
63 0.3464 0.5516 0.5668 0.04984 0.2784 0.57 1.6425 0.031293 0.007 9.017589e-01
64 0.62475 0.4281 0.4984 0.036 0.182 0.862 1.7975 0.186115 0.034 9.748035e-01
65 0.1488 0.3065 0.36825 0.02124 0.1468 0.858 1.9415 0.158056 0.2075 7.428281e-01
66 0.2324 0.7986 0.59055 0.02252 0.196 0.828 1.6385 0.026318 0.086 8.842108e-01
67 0.2799 0.2742 0.57725 0.04244 0.232 0.591 1.7605 0.038457 0.199 9.643910e-01
68 0.2457 0.41195 0.2761 0.03076 0.388 0.546 1.7095 0.037064 0.106 9.052158e-01
69 0.0766 0.79195 0.4528 0.03124 0.2864 0.633 1.9795 0.085222 0.0915 7.671199e-01
70 0.8841 0.5364 0.3331 0.053 0.2376 0.903 1.684 0.20502 0.169 9.524887e-01
71 0.44995 0.658 0.80715 0.0354 0.1164 0.892 1.863 0.20502 0.0825 9.761276e-01
72 0.8271 0.41765 0.7473 0.033 0.3492 0.574 1.823 0.12343 0.3365 9.397945e-01
73 0.1298 0.2894 0.32455 0.045 0.4832 0.979 1.6465 0.109301 0.1015 8.646246e-01
74 0.42525 0.297 0.791 0.03588 0.2492 0.525 1.974 0.10353 0.196 9.744615e-01
75 0.73495 0.2761 0.72355 0.03324 0.2752 0.9785 1.947 0.038855 0.1975 9.587578e-01
76 0.72165 0.6675 0.38535 0.02664 0.264 0.856 1.8135 0.059949 0.414 8.392549e-01
77 0.164 0.66655 0.9962 0.03592 0.2828 0.794 1.535 0.101142 0.1785 0.000000e+00
78 0.6048 0.15735 0.6067 0.05368 0.462 0.7375 1.5275 0.146315 0.029 9.756411e-01
79 0.8081 0.6466 0.67035 0.03424 0.1036 0.589 1.951 0.088008 0.469 8.291527e-01
80 0.088 0.42335 0.6447 0.0424 0.1624 0.616 1.9065 0.080048 0.0425 9.191806e-01
81 0.44425 0.1203 0.2362 0.0408 0.2188 0.755 1.5615 0.06373 0.266 7.324448e-01
82 0.18965 0.4813 0.1355 0.05868 0.1584 0.6105 1.92 0.171389 0.04 9.796651e-01
83 0.639 0.373 0.6447 0.04116 0.1016 0.699 1.7095 0.176961 0.3315 7.784475e-01
84 0.3027 0.5744 0.2685 0.04184 0.43 0.891 1.74 0.15328 0.1715 9.833903e-01
85 0.10415 0.21435 0.6504 0.0338 0.2608 0.794 1.75 0.121639 0.3235 9.136225e-01
86 0.8765 0.1298 0.1887 0.0454 0.1648 0.5755 1.6935 0.206015 0.388 9.713641e-01
87 0.5478 0.9259 0.3673 0.02824 0.41 0.779 1.908 0.090595 0.1945 8.813961e-01
88 0.297 0.4376 0.9487 0.03564 0.346 0.6435 1.727 0.124226 0.4945 9.551706e-01
89 0.49365 0.1754 0.7644 0.0294 0.4696 0.5575 1.7945 0.082436 0.16 8.640448e-01
90 0.43 0.62665 0.5953 0.05636 0.132 0.5505 1.896 0.145519 0.0375 6.879101e-01
91 0.8898 0.54495 0.8347 0.02892 0.3068 0.7945 1.565 0.12343 0.0545 7.594248e-01
92 0.47275 0.97815 0.95725 0.04488 0.1388 0.5535 1.9055 0.09756 0.4445 8.396125e-01
93 0.259 0.1412 0.90785 0.05012 0.1116 0.5045 1.5175 0.056168 0.3175 8.870355e-01
94 0.18205 0.70075 0.70835 0.05756 0.1948 0.6495 1.508 0.026119 0.4005 9.531114e-01
95 0.5459 0.25805 0.715 0.02788 0.324 0.8225 1.832 0.15925 0.456 9.768026e-01
96 0.57155 0.2172 0.8917 0.03276 0.2276 0.8005 1.5265 0.188304 0.2015 9.583314e-01
97 0.90215 0.27325 0.3445 0.0388 0.2132 0.806 1.866 0.135569 0.181 9.866087e-01
98 0.126 0.14785 0.47655 0.03144 0.2644 0.98 1.8345 0.104923 0.303 9.500502e-01
99 0.7549 0.9183 0.3901 0.05668 0.3224 0.5385 1.753 0.036666 0.3635 0.000000e+00
100 0.76725 0.9867 0.95345 0.03256 0.372 0.518 1.9985 0.03587 0.425 1.992975e-01
101 0.14785 0.3426 0.62095 0.03056 0.3312 0.752 1.576 0.09557 0.1115 8.285523e-01
102 0.7948 0.5858 0.62475 0.05248 0.1376 0.706 1.833 0.114077 0.168 8.003570e-01
103 0.7074 0.5326 0.2875 0.02412 0.2812 0.86 1.824 0.03189 0.4265 9.160102e-01
104 0.89265 0.7739 0.2666 0.0282 0.4064 0.8935 1.807 0.053382 0.194 6.581228e-01
105 0.9696 0.886 0.55635 0.04684 0.328 0.6945 1.8305 0.204423 0.099 9.654969e-01
106 0.5383 0.2039 0.5326 0.0554 0.252 0.704 1.514 0.057163 0.1075 3.567119e-01
107 0.14025 0.8651 0.5364 0.0266 0.1812 0.861 1.617 0.073879 0.095 8.617242e-01
108 0.14595 0.75965 0.2761 0.03432 0.274 0.832 1.8195 0.06572 0.03 8.953557e-01
109 0.316 0.1944 0.31695 0.05464 0.29 0.694 1.758 0.09756 0.2355 9.783150e-01
110 0.95535 0.525 0.525 0.0458 0.282 0.562 1.846 0.159051 0.07 8.569893e-01
111 0.60005 0.9107 0.9335 0.04172 0.3324 0.72 1.8095 0.103729 0.4995 9.292530e-01
112 0.753 0.65325 0.58295 0.03548 0.2556 0.969 1.87 0.050795 0.3475 8.196869e-01
113 0.96105 0.696 0.8176 0.04748 0.234 0.6325 1.544 0.107112 0.1305 9.933187e-01
114 0.7302 0.6105 0.24665 0.03348 0.3484 0.5855 1.8755 0.05975 0.1555 9.848482e-01
115 0.7226 0.5136 0.25235 0.04132 0.256 0.693 1.6825 0.066715 0.354 8.661192e-01
116 0.5991 0.6314 0.2951 0.03872 0.154 0.808 1.5965 0.152484 0.074 5.023150e-01
117 0.0994 0.354 0.1184 0.0442 0.4788 0.5445 1.713 0.189896 0.3995 5.743510e-01
118 0.24095 0.9734 0.5706 0.05228 0.2488 0.615 1.7475 0.032885 0.316 9.734220e-01
119 0.33215 0.5839 0.5098 0.03648 0.4816 0.6875 1.801 0.032487 0.4515 9.406864e-01
120 0.46515 0.26755 0.98195 0.03852 0.3636 0.692 1.6975 0.049999 0.4055 1.794143e-01
121 0.1925 0.7834 0.79955 0.0394 0.2584 0.5625 1.7295 0.072486 0.338 9.630007e-01
122 0.36825 0.55065 0.88315 0.0482 0.3532 0.7775 1.698 0.125619 0.001 7.223894e-01
123 0.75395 0.3464 0.33215 0.05788 0.2252 0.5565 1.9895 0.065919 0.0545 9.659462e-01
124 0.06045 0.73875 0.6523 0.02152 0.1028 0.685 1.7815 0.177757 0.446 8.664204e-01
125 0.39105 0.2058 0.96105 0.05088 0.41 0.8965 1.798 0.022537 0.4495 9.236796e-01
126 0.9354 0.06235 0.5193 0.05128 0.498 0.563 1.754 0.052387 0.453 9.879947e-01
127 0.3046 0.3768 0.89645 0.0544 0.4768 0.9765 1.885 0.011791 0.449 8.870734e-01
128 0.26185 0.7435 0.58105 0.04704 0.3412 0.6495 1.644 0.104724 0.2055 9.863527e-01
129 0.1925 0.25045 0.94205 0.0504 0.24 0.5675 1.8435 0.207607 0.2125 9.740713e-01
130 0.5554 0.75015 0.3559 0.0404 0.316 0.673 1.6685 0.069501 0.384 7.350320e-01
131 0.5022 0.08705 0.56965 0.03728 0.1104 0.919 1.9475 0.096764 0.4565 8.538455e-01
132 0.4566 0.5269 0.92115 0.05732 0.3892 0.527 1.7385 0.17119 0.4245 9.775102e-01
133 0.8746 0.37205 0.0557 0.03728 0.1092 0.5715 1.955 0.171389 0.096 8.064917e-01
134 0.56015 0.4946 0.0709 0.05396 0.1452 0.993 1.772 0.043034 0.17 9.376982e-01
135 0.0804 0.41955 0.5288 0.02984 0.3004 0.698 1.8055 0.060148 0.092 9.353930e-01
136 0.32075 0.7397 0.5193 0.05992 0.3532 0.563 1.878 0.139151 0.474 7.812293e-01
137 0.10415 0.2647 0.39485 0.04496 0.392 0.965 1.8305 0.118654 0.396 9.771960e-01
138 0.42145 0.16685 0.4414 0.05916 0.3672 0.963 1.7325 0.035074 0.2235 9.738326e-01
139 0.4718 0.52975 0.09845 0.05548 0.2904 0.585 1.6125 0.02592 0.0855 8.498892e-01
140 0.848 0.4072 0.3768 0.05624 0.4056 0.988 1.701 0.017761 0.045 0.000000e+00
141 0.3407 0.37965 0.7131 0.03168 0.1064 0.704 1.669 0.155071 0.356 8.858765e-01
142 0.27705 0.15355 0.4205 0.03856 0.4172 0.6405 1.68 0.113082 0.1525 9.851905e-01
143 0.3236 0.7245 0.85275 0.02016 0.4316 0.82 1.7345 0.028706 0.3535 0.000000e+00
144 0.7834 0.10795 0.23715 0.02004 0.3736 0.7645 1.8815 0.099948 0.415 9.304740e-01
145 0.64375 0.6865 0.65705 0.05568 0.38 0.792 1.977 0.206413 0.262 9.072577e-01
146 0.92685 0.11745 0.1089 0.03036 0.1568 0.579 1.53 0.017761 0.232 9.918107e-01
147 0.81475 0.34735 0.76535 0.05692 0.2928 0.554 1.891 0.112087 0.0555 9.363083e-01
148 0.81855 0.2609 0.3806 0.03492 0.3612 0.7355 1.911 0.204821 0.1545 9.419250e-01
149 0.15165 0.18395 0.35685 0.05384 0.3116 0.5785 1.9165 0.054178 0.118 9.943576e-01
150 0.54115 0.6124 0.16495 0.02396 0.114 0.5095 1.9345 0.208204 0.2745 8.932999e-01
151 0.59625 0.06805 0.2894 0.032 0.3388 0.8915 1.735 0.172583 0.231 7.489571e-01
152 0.2077 0.51075 0.66085 0.05344 0.3108 0.625 1.865 0.035074 0.0285 9.569405e-01
153 0.78055 0.3806 0.12505 0.05968 0.156 0.8455 1.8105 0.060745 0.1495 9.358085e-01
154 0.8442 0.71405 0.51835 0.04012 0.4068 0.9405 1.95 0.208005 0.071 9.402667e-01
155 0.4604 0.55635 0.66085 0.03264 0.412 0.5245 1.531 0.013582 0.3155 8.182043e-01
156 0.85655 0.4794 0.7283 0.05656 0.4828 0.8755 1.9955 0.108306 0.341 9.119418e-01
157 0.19345 0.791 0.6428 0.03192 0.3464 0.6545 1.9035 0.101938 0.2255 9.657046e-01
158 0.46515 0.66845 0.7397 0.04108 0.1832 0.5985 1.6 0.036069 0.2925 9.932409e-01
159 0.7264 0.3597 0.183 0.0424 0.128 0.815 1.604 0.060546 0.3505 8.554430e-01
160 0.9335 0.1507 0.71405 0.02276 0.4304 0.629 1.5895 0.163827 0.051 7.775091e-01
161 0.96675 0.2039 0.4015 0.03352 0.1012 0.714 1.9825 0.137161 0.318 9.448570e-01
162 0.28275 0.1393 0.09465 0.03456 0.1984 0.754 1.78 0.185319 0.277 0.000000e+00
163 0.44045 0.87745 0.50885 0.04 0.1708 0.5795 1.5025 0.171389 0.192 9.658330e-01
164 0.29225 0.677 0.6276 0.04436 0.4916 0.8355 1.679 0.057959 0.3585 8.100669e-01
165 0.1184 0.52595 0.3635 0.03244 0.4252 0.751 1.8725 0.104923 0.072 8.790606e-01
166 0.6048 0.60385 0.21435 0.0432 0.2948 0.6405 1.863 0.076864 0.196 9.909200e-01
167 0.4281 0.3977 0.7416 0.03028 0.3464 0.521 1.569 0.105122 0.0565 9.103568e-01
168 0.50315 0.6846 0.09845 0.05524 0.3996 0.6215 1.6645 0.080844 0.1925 9.899012e-01
169 0.6086 0.22955 0.1431 0.03888 0.4832 0.5915 1.823 0.033283 0.184 8.937052e-01
170 0.5022 0.4034 0.96295 0.0502 0.12 0.512 1.6115 0.070297 0.03 6.225121e-01
171 0.6713 0.63235 0.0861 0.02996 0.1656 0.917 1.723 0.145121 0.0985 5.057230e-01
172 0.63995 0.8974 0.30745 0.02524 0.4084 0.6635 1.6295 0.188901 0.0735 8.286369e-01
173 0.34545 0.92495 0.38535 0.05464 0.1672 0.5365 1.7405 0.05378 0.419 9.660860e-01
174 0.3654 0.5611 0.107 0.05112 0.4688 0.563 1.7855 0.117261 0.316 9.091810e-01
175 0.17255 0.48035 0.11365 0.02356 0.1028 0.9525 1.535 0.045422 0.0965 0.000000e+00
176 0.83945 0.9297 0.4566 0.03432 0.4508 0.7235 1.9315 0.044228 0.1165 9.687673e-01
177 0.06425 0.35495 0.67605 0.04056 0.1948 0.7565 1.872 0.111092 0.177 9.527350e-01
178 0.3027 0.87175 0.80905 0.0212 0.1408 0.592 1.9525 0.049601 0.3395 9.626665e-01
179 0.5497 0.60195 0.3103 0.059 0.4084 0.934 1.7215 0.018358 0.2 9.440881e-01
180 0.43285 0.88695 0.1868 0.04732 0.4372 0.7455 1.8545 0.166016 0.3875 8.557887e-01
181 0.52405 0.6922 0.9886 0.02024 0.1216 0.7645 1.847 0.195667 0.166 9.759765e-01
182 0.86605 0.3597 0.8157 0.02964 0.3032 0.576 1.8955 0.092585 0.4275 9.686540e-01
183 0.7131 0.2267 0.8803 0.03508 0.1552 0.702 1.9535 0.208005 0.2145 9.539893e-01
184 0.53165 0.69505 0.6675 0.03768 0.1996 0.601 1.8775 0.174374 0.2385 9.684297e-01
185 0.4471 0.05285 0.18775 0.04192 0.4424 0.6865 1.7265 0.044427 0.466 0.000000e+00
186 0.47275 0.36825 0.5554 0.03572 0.3152 0.895 1.9835 0.049999 0.137 8.935725e-01
187 0.221 0.9392 0.8765 0.0256 0.3488 0.864 1.853 0.090396 0.071 9.721334e-01
188 0.35875 0.6998 0.7815 0.05864 0.3496 0.528 1.7375 0.074874 0.2285 9.788365e-01
189 0.5003 0.37775 0.7815 0.04436 0.336 0.848 1.769 0.166215 0.2445 7.973625e-01
190 0.71785 0.5516 0.97245 0.02628 0.416 0.828 1.961 0.143927 0.3705 9.630568e-01
191 0.2305 0.5915 0.7872 0.04652 0.3764 0.671 1.517 0.17517 0.082 8.565407e-01
192 0.5421 0.392 0.33595 0.054 0.4684 0.5495 1.835 0.190095 0.2855 9.715357e-01
193 0.6067 0.77865 0.3141 0.04408 0.2168 0.616 1.802 0.050397 0.123 9.459147e-01
194 0.3616 0.09655 0.67795 0.03072 0.228 0.82 1.9385 0.182334 0.2655 9.258654e-01
195 0.73495 0.22765 0.67985 0.04224 0.3396 0.6415 1.882 0.112684 0.4225 9.415856e-01
196 0.4433 0.64755 0.80335 0.03548 0.1808 0.619 1.6705 0.061939 0.3165 9.936702e-01
197 0.5516 0.5915 0.16875 0.0366 0.2556 0.965 1.792 0.190095 0.2745 8.593450e-01
198 0.886 0.48415 0.4091 0.04568 0.2288 0.9905 1.8105 0.024129 0.04 9.777989e-01
199 0.76155 0.83375 0.52025 0.0504 0.2216 0.5305 1.6975 0.020746 0.4325 8.811716e-01
200 0.715 0.64185 0.77865 0.02588 0.4624 0.7885 1.7565 0.198254 0.091 9.899821e-01
201 0.70645 0.7511 0.44045 0.0322 0.3028 0.6725 1.556 0.165419 0.12 8.417479e-01
202 0.9753 0.0519 0.4528 0.04556 0.3716 0.572 1.854 0.01199 0.043 9.695812e-01
203 0.05855 0.1982 0.09845 0.055 0.4456 0.544 1.563 0.054576 0.357 2.098481e-01
204 0.6067 0.34735 0.3464 0.02496 0.2684 0.8875 1.855 0.11547 0.2245 8.103934e-01
205 0.56015 0.4015 0.72735 0.05448 0.3568 0.9055 1.979 0.053382 0.036 6.930576e-01
206 0.4946 0.7283 0.8347 0.02336 0.1684 0.7755 1.828 0.037263 0.421 8.587180e-01
207 0.83945 0.6865 0.0785 0.03524 0.404 0.7165 1.926 0.013781 0.2375 9.291323e-01
208 0.1583 0.3863 0.3711 0.04672 0.4352 0.875 1.527 0.186911 0.389 3.791041e-01
209 0.7682 0.2571 0.7492 0.05112 0.4164 0.5345 1.799 0.191488 0.0245 9.767603e-01
210 0.06995 0.94965 0.12505 0.04868 0.4988 0.796 1.808 0.126813 0.411 9.763255e-01
211 0.3122 0.57725 0.0671 0.04036 0.3312 0.7035 1.9515 0.20502 0.123 9.618192e-01
212 0.3502 0.6941 0.1697 0.02076 0.2512 0.5295 1.512 0.082834 0.034 7.341163e-01
213 0.1792 0.45755 0.2343 0.03156 0.2556 0.9695 1.538 0.02194 0.485 5.911716e-01
214 0.7131 0.20675 0.49745 0.0498 0.4076 0.737 1.8475 0.154673 0.2215 9.798775e-01
215 0.107 0.1222 0.3901 0.05996 0.1728 0.5505 1.8535 0.166812 0.165 9.698435e-01
216 0.4376 0.22195 0.32265 0.05364 0.2508 0.5935 1.528 0.150295 0.0465 9.625451e-01
217 0.30555 0.2742 0.40245 0.02548 0.4424 0.909 1.86 0.037462 0.396 7.836519e-01
218 0.316 0.107 0.392 0.04304 0.1452 0.8885 1.8285 0.081043 0.01 9.567167e-01
219 0.9297 0.26375 0.88125 0.02716 0.15 0.6765 1.6035 0.175966 0.0605 8.710725e-01
220 0.21245 0.5402 0.3198 0.03104 0.2268 0.5825 1.706 0.115868 0.315 9.063644e-01
221 0.9392 0.42525 0.41385 0.02024 0.2444 0.62 1.816 0.176762 0.1205 8.779520e-01
222 0.5763 0.3692 0.1127 0.04692 0.488 0.939 1.5955 0.148305 0.082 9.083309e-01
223 0.05095 0.35495 0.6447 0.03936 0.4544 0.525 1.6035 0.080446 0.4375 0.000000e+00
224 0.83755 0.1032 0.3521 0.02664 0.1672 0.874 1.843 0.107112 0.3185 8.757792e-01
225 0.78815 0.27325 0.19725 0.0422 0.3148 0.852 1.6325 0.126415 0.108 6.306188e-01
226 0.87175 0.8974 0.77865 0.04792 0.4456 0.575 1.9675 0.126813 0.35 8.002737e-01
227 0.05095 0.31505 0.50125 0.04772 0.4636 0.7015 1.6415 0.194274 0.1605 9.440751e-01
228 0.1203 0.53545 0.59055 0.05012 0.4372 0.718 1.7585 0.090993 0.4395 9.726099e-01
229 0.3502 0.6428 0.63615 0.04504 0.1112 0.8085 1.985 0.022935 0.0995 9.529642e-01
230 0.7283 0.5687 0.1849 0.05548 0.2136 0.7825 1.9195 0.176762 0.216 9.415257e-01
231 0.5307 0.21625 0.39675 0.04452 0.3808 0.6635 1.6985 0.070297 0.311 9.497548e-01
232 0.09275 0.43285 0.51455 0.04732 0.2672 0.9515 1.65 0.016567 0.266 8.984572e-01
233 0.57535 0.1526 0.50885 0.0204 0.36 0.756 1.86 0.047611 0.322 5.733033e-01
234 0.1792 0.66465 0.43 0.0432 0.4448 0.5605 1.8245 0.10552 0.0865 9.277580e-01
235 0.17825 0.99905 0.34545 0.0596 0.4452 0.5405 1.551 0.054775 0.2515 9.404225e-01
236 0.70455 0.24 0.8632 0.02188 0.4272 0.5695 1.706 0.094177 0.0335 9.317681e-01
237 0.94965 0.2134 0.6181 0.05452 0.1412 0.648 1.925 0.124823 0.4885 9.766424e-01
238 0.1051 0.7264 0.15545 0.05604 0.3172 0.8885 1.599 0.178951 0.441 8.100739e-01
239 0.7872 0.41385 0.73685 0.02896 0.3832 0.591 1.98 0.021144 0.1045 8.063212e-01
240 0.63995 0.5307 0.1811 0.02572 0.1456 0.506 1.511 0.185916 0.382 6.950811e-01
241 0.2248 0.1146 0.20485 0.04864 0.336 0.55 1.6075 0.137559 0.335 9.902510e-01
242 0.84135 0.10985 0.9601 0.02088 0.2712 0.7235 1.853 0.148106 0.1605 9.720864e-01
243 0.9639 0.17445 0.6675 0.05936 0.112 0.619 1.5685 0.080247 0.357 9.061215e-01
244 0.65515 0.10985 0.9905 0.05188 0.2652 0.6595 1.7575 0.06572 0.349 9.118078e-01
245 0.59245 0.2438 0.16495 0.05368 0.4288 0.6785 1.857 0.098356 0.2475 9.760392e-01
246 0.79195 0.53925 0.468 0.05324 0.2468 0.517 1.75 0.172782 0.3 9.850440e-01
247 0.33025 0.9658 0.91165 0.04648 0.4444 0.665 1.631 0.012587 0.3075 9.578251e-01
248 0.905 0.82805 0.67795 0.0286 0.2556 0.958 1.664 0.0896 0.1445 0.000000e+00
249 0.98385 0.5364 0.1621 0.049 0.4572 0.6795 1.642 0.134574 0.02 9.438886e-01
250 0.7891 0.52025 0.53355 0.03164 0.4712 0.9755 1.771 0.075272 0.045 8.535659e-01
251 0.86225 0.32645 0.4129 0.02364 0.2908 0.538 1.9285 0.024925 0.0065 9.125913e-01
252 0.19725 0.35875 0.76535 0.03572 0.2336 0.6665 1.716 0.169598 0.3365 9.905024e-01
253 0.79575 0.17825 0.10985 0.02388 0.1124 0.656 1.5355 0.194075 0.323 0.000000e+00
254 0.22005 0.2495 0.40055 0.05572 0.3116 0.6255 1.581 0.019353 0.1945 5.314640e-01
255 0.85275 0.58485 0.31315 0.0488 0.2528 0.641 1.7825 0.14731 0.2025 9.771601e-01
256 0.3977 0.6447 0.8138 0.049 0.1824 0.7285 1.968 0.048606 0.094 8.721762e-01
257 0.45185 0.8518 0.65325 0.03328 0.3172 0.5195 1.7255 0.041243 0.264 7.275607e-01
258 0.0709 0.4528 0.7454 0.0586 0.13 0.5345 1.7075 0.040049 0.211 9.635609e-01
259 0.3502 0.29415 0.29605 0.03716 0.3228 0.9295 1.8775 0.111689 0.317 8.615163e-01
260 0.1925 0.3806 0.3179 0.05384 0.2056 0.7875 1.7135 0.167608 0.1475 8.536288e-01
261 0.2875 0.1602 0.80145 0.03324 0.3916 0.713 1.921 0.168802 0.2605 8.188620e-01
262 0.8898 0.05 0.13265 0.02336 0.298 0.6325 1.8095 0.011194 0.2545 8.616179e-01
263 0.6979 0.76155 0.5668 0.0214 0.1792 0.6125 1.582 0.050198 0.2285 5.651207e-01
264 0.506 0.7568 0.4813 0.03864 0.4644 0.9925 1.8285 0.119649 0.042 8.949794e-01
265 0.6884 0.5896 0.83755 0.03908 0.418 0.985 1.7005 0.030298 0.0035 4.863824e-01
266 0.5934 0.90025 0.06615 0.026 0.3416 0.5565 1.792 0.183727 0.068 9.034965e-01
267 0.19345 0.7017 0.6295 0.03996 0.3944 0.8955 1.922 0.156862 0.421 8.518075e-01
268 0.506 0.97625 0.33595 0.02556 0.408 0.5815 1.742 0.056168 0.2165 9.156601e-01
269 0.54115 0.95345 0.49935 0.03512 0.1868 0.9645 1.759 0.072685 0.17 7.096491e-01
270 0.24 0.27515 0.49365 0.02164 0.212 0.6475 1.5385 0.085819 0.1885 7.597183e-01
271 0.9677 0.7492 0.6523 0.02084 0.1176 0.5165 1.7805 0.119052 0.468 9.741031e-01
272 0.5421 0.07375 0.6846 0.05024 0.2484 0.5915 1.5555 0.062337 0.4005 9.648406e-01
273 0.7302 0.6865 0.4224 0.04548 0.4704 0.5115 1.6145 0.07368 0.0845 4.622695e-01
274 0.80525 0.10035 0.3787 0.05748 0.1368 0.6545 1.687 0.163628 0.1325 9.943513e-01
275 0.22955 0.37205 0.4129 0.02424 0.412 0.5635 1.7805 0.200642 0.216 9.229069e-01
276 0.73875 0.91165 0.0557 0.02244 0.2896 0.722 1.552 0.020547 0.162 9.910896e-01
277 0.544 0.9088 0.5022 0.03452 0.348 0.9225 1.794 0.074476 0.034 0.000000e+00
278 0.6637 0.0728 0.2305 0.028 0.2092 0.7955 1.918 0.06373 0.0025 8.660809e-01
279 0.15545 0.6694 0.8936 0.037 0.3056 0.5255 1.7625 0.075869 0.3285 9.850065e-01
280 0.95915 0.98195 0.3331 0.04244 0.306 0.8375 1.992 0.087212 0.479 9.908430e-01
281 0.29225 0.97435 0.8252 0.03476 0.492 0.768 1.857 0.075073 0.3415 8.400789e-01
282 0.59055 0.5611 0.22005 0.04256 0.4728 0.578 1.7295 0.082237 0.291 9.684891e-01
283 0.74825 0.24855 0.297 0.0346 0.2756 0.867 1.6335 0.057561 0.0005 9.001160e-01
284 0.4281 0.28465 0.5668 0.02244 0.136 0.7105 1.9015 0.056964 0.0395 9.925437e-01
285 0.65895 0.31125 0.45375 0.03468 0.2496 0.539 1.7425 0.083431 0.455 9.462321e-01
286 0.5554 0.5193 0.35875 0.0298 0.404 0.674 1.7265 0.150693 0.243 9.700073e-01
287 0.61525 0.75205 0.55065 0.03804 0.1164 0.624 1.746 0.133778 0.4455 9.211145e-01
288 0.2419 0.9164 0.65705 0.02176 0.43 0.9405 1.703 0.080645 0.032 6.467698e-01
289 0.30365 0.34355 0.48035 0.0332 0.478 0.85 1.942 0.069899 0.0435 9.182585e-01
290 0.83185 0.91165 0.43285 0.05536 0.2576 0.712 1.542 0.188105 0.1725 9.414880e-01
291 0.8556 0.69695 0.3825 0.03656 0.282 0.95 1.883 0.200642 0.3345 9.146747e-01
292 0.7473 0.2723 0.2818 0.0584 0.1188 0.618 1.5415 0.04184 0.203 7.694170e-01
293 0.80335 0.2153 0.1583 0.02088 0.2644 0.9535 1.872 0.140544 0.2065 9.235265e-01
294 0.9202 0.5972 0.7188 0.02572 0.1824 0.533 1.8 0.068506 0.314 9.620467e-01
295 0.53165 0.2571 0.2761 0.02116 0.3292 0.5565 1.564 0.191886 0.043 9.507929e-01
296 0.89265 0.1602 0.08325 0.031 0.246 0.8955 1.682 0.103729 0.21 8.784686e-01
297 0.52595 0.4376 0.52405 0.05544 0.3596 0.945 1.9315 0.127012 0.3175 9.022406e-01
298 0.2685 0.93065 0.9259 0.05672 0.1112 0.5165 1.519 0.165618 0.064 8.914856e-01
299 0.47275 0.55635 0.6485 0.04292 0.2552 0.6215 1.903 0.049402 0.067 9.803568e-01
300 0.07565 0.70645 0.63425 0.02848 0.3984 0.848 1.753 0.158852 0.309 9.486964e-01
301 0.48985 0.18775 0.5117 0.04932 0.1824 0.76 1.824 0.192682 0.202 8.299227e-01
302 0.98005 0.71975 0.6732 0.04176 0.454 0.733 1.981 0.143927 0.37 6.753345e-01
303 0.4718 0.42715 0.5022 0.02144 0.2124 0.777 1.8205 0.118853 0.2705 9.200239e-01
304 0.1507 0.6504 0.28655 0.04512 0.4636 0.5455 1.7075 0.111291 0.353 8.885188e-01
305 0.31505 0.72165 0.89835 0.02432 0.2024 0.733 1.9895 0.087809 0.1505 9.332061e-01
306 0.335 0.75015 0.11935 0.0432 0.4424 0.7495 1.732 0.073083 0.4545 9.783559e-01
307 0.61715 0.5402 0.89645 0.0452 0.4176 0.7915 1.747 0.052984 0.2315 8.962679e-01
308 0.2894 0.22195 0.34545 0.03328 0.4392 0.532 1.7485 0.019353 0.26 8.585496e-01
309 0.259 0.1298 0.18395 0.02344 0.3608 0.636 1.5715 0.048208 0.067 7.145433e-01
310 0.43285 0.11175 0.7682 0.02708 0.2164 0.6805 1.7565 0.12343 0.457 8.213996e-01
311 0.5877 0.53355 0.79005 0.05416 0.2532 0.8835 1.772 0.090794 0.1995 9.456147e-01
312 0.78625 0.43285 0.69315 0.04244 0.312 0.5685 1.7355 0.052188 0.0465 8.810187e-01
313 0.91925 0.943 0.6941 0.05248 0.3276 0.531 1.765 0.205418 0.1825 6.682657e-02
314 0.08705 0.6903 0.9563 0.03808 0.3024 0.61 1.8445 0.07169 0.344 9.354576e-01
315 0.53355 0.5801 0.7777 0.04216 0.2652 0.5095 1.815 0.098555 0.0605 9.785538e-01
316 0.31505 0.1925 0.8993 0.0468 0.142 0.936 1.7915 0.192483 0.422 9.839329e-01
317 0.2495 0.20865 0.61145 0.02012 0.4184 0.633 1.8045 0.078854 0.2555 7.540567e-01
318 0.525 0.468 0.62285 0.04936 0.1156 0.98 1.6995 0.19905 0.0215 8.960999e-01
319 0.0652 0.42145 0.6789 0.05372 0.3776 0.706 1.905 0.016766 0.4715 9.788668e-01
320 0.74255 0.4927 0.96865 0.04112 0.47 0.7565 1.917 0.093978 0.3015 9.808641e-02
321 0.9145 0.5744 0.6561 0.04764 0.192 0.8395 1.8255 0.026517 0.0625 9.056565e-01
322 0.221 0.72545 0.639 0.05764 0.336 0.92 1.7345 0.07368 0.024 7.823516e-01
323 0.4718 0.5098 0.4167 0.0242 0.322 0.9115 1.8315 0.026318 0.1895 9.284913e-01
324 0.14785 0.43095 0.57155 0.02208 0.2228 0.884 1.8815 0.142733 0.2365 9.258027e-01
325 0.8917 0.9107 0.7777 0.02032 0.312 0.6925 1.7635 0.188304 0.0895 7.143082e-01
326 0.47655 0.43665 0.80905 0.032 0.464 0.6595 1.731 0.204423 0.2745 4.352558e-01
327 0.10415 0.27895 0.30365 0.03388 0.4824 0.716 1.683 0.149897 0.4375 8.142631e-01
328 0.63805 0.2894 0.9924 0.03808 0.3836 0.7025 1.6705 0.192284 0.2225 8.322156e-01
329 0.17825 0.13835 0.36635 0.02108 0.2976 0.929 1.6205 0.05577 0.2035 0.000000e+00
330 0.79955 0.98005 0.18585 0.0528 0.118 0.516 1.7165 0.030497 0.141 8.673056e-01
331 0.9544 0.69505 0.40245 0.02028 0.1268 0.797 1.7355 0.162434 0.0145 9.921729e-01
332 0.34545 0.98195 0.0747 0.04324 0.2288 0.8455 1.834 0.154076 0.0615 8.614633e-01
333 0.56205 0.73305 0.1944 0.0372 0.1072 0.825 1.9855 0.11746 0.224 8.343551e-01
334 0.8404 0.96295 0.57345 0.03916 0.1164 0.966 1.938 0.019552 0.16 9.401750e-01
335 0.25045 0.164 0.7131 0.02768 0.4916 0.842 1.9355 0.106515 0.148 9.442627e-01
336 0.53355 0.2685 0.60005 0.04068 0.4748 0.8025 1.9905 0.120246 0.2665 9.486693e-01
337 0.59815 0.49745 0.962 0.05464 0.2456 0.6665 1.6695 0.081242 0.2665 9.820746e-01
338 0.3369 0.98765 0.11175 0.03456 0.2624 0.628 1.5135 0.102535 0.116 4.374174e-01
339 0.61715 0.31315 0.72735 0.03388 0.3508 0.6765 1.97 0.16721 0.3755 9.145160e-01
340 0.2704 0.9715 0.2951 0.0598 0.2808 0.9245 1.663 0.20701 0.0065 6.412000e-01
341 0.96485 0.848 0.468 0.03848 0.3672 0.821 1.7205 0.088406 0.081 0.000000e+00
342 0.183 0.2343 0.4091 0.0444 0.452 0.8265 1.9965 0.02592 0.344 9.489287e-01
343 0.96105 0.63425 0.84895 0.023 0.212 0.819 1.922 0.075471 0.1445 9.324190e-01
344 0.8784 0.3749 0.41955 0.04532 0.4948 0.805 1.8015 0.115868 0.168 9.652493e-01
345 0.55065 0.5402 0.55445 0.04796 0.1596 0.5555 1.6055 0.134972 0.0815 8.204551e-01
346 0.3274 0.1355 0.67985 0.04132 0.4168 0.6945 1.505 0.099948 0.215 8.584667e-01
347 0.29415 0.15735 0.33025 0.03084 0.2152 0.5675 1.6205 0.184324 0.0505 8.851192e-01
348 0.3464 0.10035 0.08895 0.05372 0.1408 0.6855 1.9835 0.054377 0.297 9.721628e-01
349 0.9715 0.772 0.15355 0.02116 0.162 0.5565 1.8465 0.156862 0.406 8.834946e-01
350 0.1925 0.5516 0.14215 0.02172 0.436 0.9495 1.849 0.01796 0.255 8.078313e-01
351 0.5364 0.18585 0.2305 0.0236 0.3608 0.6955 1.766 0.201438 0.202 9.608908e-01
352 0.05665 0.81285 0.97435 0.0354 0.1728 0.725 1.9955 0.198453 0.495 9.758230e-01
353 0.44615 0.86985 0.42525 0.02804 0.152 0.523 1.555 0.075869 0.119 7.128440e-01
354 0.6352 0.33025 0.85085 0.02568 0.2076 0.5035 1.587 0.123231 0.4445 9.696768e-01
355 0.0671 0.29985 0.45945 0.0212 0.174 0.802 1.799 0.100545 0.447 3.230411e-01
356 0.0899 0.54685 0.7872 0.05528 0.3392 0.6475 1.873 0.188901 0.31 8.608817e-01
357 0.95725 0.2229 0.8024 0.02944 0.4964 0.837 1.87 0.203428 0.096 9.348844e-01
358 0.28085 0.16875 0.27515 0.0476 0.3048 0.873 1.6875 0.039651 0.4315 9.687328e-01
359 0.0918 0.4718 0.32455 0.0502 0.3692 0.821 1.716 0.079053 0.4565 9.231271e-01
360 0.56585 0.09275 0.9012 0.04216 0.438 0.9665 1.8215 0.162832 0.1995 9.735868e-01
361 0.1336 0.7929 0.1241 0.0374 0.4864 0.7125 1.6455 0.178752 0.354 9.775880e-01
362 0.17065 0.79195 0.47845 0.0298 0.2268 0.9975 1.742 0.154673 0.0575 9.293513e-01
363 0.2818 0.5079 0.5877 0.05556 0.3596 0.7045 1.829 0.076864 0.083 9.889170e-01
364 0.7036 0.1051 0.60765 0.04252 0.1352 0.8845 1.7115 0.202831 0.2605 6.461362e-01
365 0.848 0.2001 0.7017 0.02728 0.2948 0.5745 1.9765 0.135171 0.009 7.220829e-01
366 0.37015 0.94585 0.59245 0.05 0.1716 0.556 1.5795 0.150693 0.2615 9.638277e-01
367 0.1811 0.26755 0.38155 0.04464 0.1828 0.9495 1.965 0.023532 0.2215 9.869609e-01
368 0.34545 0.07945 0.3616 0.0322 0.284 0.9125 1.92 0.196861 0.243 8.832655e-01
369 0.81475 0.81475 0.5497 0.0458 0.3068 0.7625 1.8565 0.042437 0.038 0.000000e+00
370 0.4718 0.10795 0.8955 0.04372 0.214 0.52 1.6225 0.054974 0.0575 8.753353e-01
371 0.1792 0.4509 0.17065 0.04552 0.4904 0.5625 1.759 0.126415 0.417 8.601309e-01
372 0.0975 0.1716 0.07185 0.02568 0.1912 0.9755 1.6035 0.042636 0.286 0.000000e+00
373 0.7264 0.11935 0.98955 0.03644 0.3736 0.5975 1.7205 0.208005 0.176 9.540656e-01
374 0.3673 0.54875 0.8385 0.04964 0.236 0.852 1.5365 0.064128 0.066 9.829657e-01
375 0.27895 0.2058 0.56015 0.03516 0.1744 0.8735 1.5715 0.017164 0.271 4.380671e-01
376 0.38345 0.05285 0.29795 0.02352 0.2096 0.555 1.623 0.032885 0.4725 2.556470e-01
377 0.13265 0.26945 0.59625 0.02816 0.3572 0.599 1.7245 0.196861 0.105 9.531282e-01
378 0.2913 0.5687 0.89455 0.02784 0.306 0.8625 1.5135 0.054974 0.113 6.280193e-01
379 0.0823 0.39865 0.9183 0.0568 0.1472 0.926 1.781 0.168603 0.214 8.362380e-01
380 0.20105 0.40435 0.1811 0.03072 0.3236 0.6955 1.7075 0.162434 0.0505 9.288151e-01
381 0.21245 0.25805 0.15925 0.0458 0.458 0.7005 1.754 0.189697 0.041 6.077071e-01
382 0.5212 0.7226 0.73875 0.03708 0.2748 0.9265 1.9835 0.106117 0.138 7.145258e-01
383 0.6238 0.9012 0.7777 0.03784 0.4964 0.785 1.8235 0.126415 0.003 9.531327e-01
384 0.69315 0.7321 0.4357 0.03164 0.3204 0.91 1.684 0.132783 0.0325 9.772231e-01
385 0.4281 0.14405 0.981 0.0414 0.252 0.608 1.8615 0.145718 0.152 9.742820e-01
386 0.5402 0.4737 0.06045 0.02724 0.1148 0.666 1.523 0.156862 0.168 0.000000e+00
387 0.92685 0.7378 0.28845 0.0286 0.3436 0.706 1.506 0.180941 0.0165 9.504061e-01
388 0.20865 0.3369 0.3559 0.02324 0.1872 0.903 1.9195 0.072884 0.4425 9.620491e-01
389 0.43475 0.71025 0.06235 0.02236 0.1076 0.597 1.5465 0.17517 0.389 8.011206e-01
390 0.51265 0.52595 0.25805 0.02328 0.2976 0.824 1.909 0.17716 0.315 9.030668e-01
391 0.5573 0.63045 0.1754 0.02768 0.2008 0.7645 1.9585 0.10552 0.0915 9.321431e-01
392 0.6048 0.75205 0.9924 0.03904 0.4856 0.632 1.843 0.130793 0.1175 9.451006e-01
393 0.62855 0.4528 0.4167 0.04148 0.3924 0.917 1.95 0.010995 0.04 9.627661e-01
394 0.73875 0.50125 0.71215 0.02604 0.1872 0.5815 1.6345 0.078456 0.153 8.109852e-01
395 0.088 0.22765 0.77485 0.02228 0.2884 0.913 1.98 0.148504 0.1625 9.843495e-01
396 0.71785 0.66275 0.3977 0.02812 0.4324 0.745 1.896 0.121241 0.2765 8.804272e-01
397 0.1754 0.3502 0.8993 0.03004 0.3552 0.941 1.894 0.018955 0.4615 8.681510e-01
398 0.4699 0.2894 0.5915 0.03444 0.2836 0.6405 1.837 0.183528 0.142 9.785548e-01
399 0.7397 0.5098 0.4224 0.03708 0.398 0.618 1.8125 0.047213 0.2055 9.826727e-01
400 0.37205 0.22955 0.10225 0.05344 0.2928 0.6385 1.5175 0.111092 0.163 0.000000e+00
401 0.0899 0.90025 0.63425 0.03612 0.3452 0.549 1.542 0.020547 0.0265 9.216633e-01
402 0.60765 0.13645 0.9449 0.05388 0.2744 0.6745 1.8845 0.13935 0.331 9.722907e-01
403 0.3122 0.95535 0.5307 0.03536 0.2396 0.83 1.82 0.024129 0.4495 4.598593e-01
404 0.86225 0.18775 0.0747 0.03884 0.392 0.628 1.7145 0.112286 0.0555 9.629690e-01
405 0.1431 0.5231 0.316 0.03108 0.3004 0.7915 1.87 0.047014 0.3245 9.869345e-01
406 0.93445 0.6713 0.5459 0.04368 0.462 0.82 1.815 0.019552 0.0575 7.936154e-01
407 0.2096 0.57155 0.05475 0.03324 0.2136 0.627 1.828 0.18711 0.0125 9.225219e-01
408 0.33595 0.55825 0.31505 0.0474 0.4344 0.613 1.938 0.034676 0.404 9.842669e-01
409 0.17445 0.8803 0.55065 0.04116 0.3176 0.6005 1.927 0.176165 0.245 9.644599e-01
410 0.86225 0.15735 0.5155 0.04112 0.2028 0.596 1.991 0.204622 0.1595 9.704339e-01
